   3.2351975e-01   3.4713442e-01  -3.1540782e-02  -4.2489133e-01  -3.9133458e-01  -1.2576837e-01  -9.5202416e-02   2.3545786e-01   6.6836043e-01   2.9434697e-01  -1.7786836e-02  -4.8611689e-01  -9.0709194e-02  -1.2706191e-01   2.0507644e-02  -2.9856585e-02   7.7403124e-02  -7.6108085e-01   2.4669742e-01   2.7927134e-01   2.9891485e-01   1.0273541e-02   2.5154676e-01   6.1533944e-02  -2.1854688e-01   4.6820085e-02   1.3308631e-03  -3.8802350e-01
  -2.6468508e-01  -3.5077810e-02   7.4979267e-03  -2.9083249e-02   2.9514811e-01  -1.4893539e-02   5.0983248e-02  -2.3248047e-02  -2.7157268e-01  -5.9959427e-03   2.5849964e-02   9.0990055e-02   3.4991182e-06  -5.7620980e-03   1.9488089e-02  -5.0934064e-03   8.1518960e-02   9.7935141e-02  -1.1656756e-01  -1.0865802e-02  -8.7824025e-02  -4.8528099e-02  -1.4499953e-01   2.1629214e-02   1.3539418e-02   5.8536270e-02   1.8836510e-01   4.0971704e-02
   1.3365955e-01  -2.6906697e-01   1.7450263e-02   2.7618302e-01  -8.6903041e-02   4.3095960e-02  -2.3089708e-02  -8.5267246e-02  -1.1455635e-01  -2.4754067e-02  -4.1157125e-02   2.7994521e-01  -1.2743898e-01  -4.9182617e-02   4.3178287e-02  -1.0807168e-01   6.5935632e-02   3.9978409e-01  -3.0661637e-02  -2.8108224e-01   3.8701832e-02  -7.8788128e-02   9.7245796e-02  -1.5920715e-02   1.4263910e-01  -1.9125213e-01   2.8283264e-03   4.1907477e-01
  -2.8136594e-02   1.3458624e-02   1.3045006e-03  -4.2654769e-02   4.0445475e-02  -1.1996480e-01  -1.5527008e-03  -2.7969666e-03  -4.9455622e-01  -7.2095103e-02  -1.3308918e-02  -3.1420194e-01   1.6863228e+00   4.2583201e-01   6.3291588e-03   3.4907238e-02   9.6708487e-02  -7.5901337e-01  -2.3614996e-01   1.2983615e-01  -4.1549969e-01  -1.4384034e-01   3.3093861e-01  -2.7965420e-02   5.5703916e-01  -4.5081121e-01   4.2706755e-03   1.4862510e-02
  -3.9728227e-02  -3.9492151e-02   1.7138821e-04  -8.4912639e-02   3.6853265e-01  -1.2117817e-01  -5.7800866e-03  -1.2663182e-01   7.9997755e-01  -4.0899361e-02  -2.1859595e-03   1.4901400e-01  -8.8468912e-01   1.8134474e-02   1.3667518e-03  -6.3888939e-02  -1.3364063e-03   1.2175164e-01   6.8236017e-03  -1.9332516e-02  -5.6871421e-02  -5.4886803e-02   3.5595600e-02  -3.2783168e-02   1.4821795e-01  -3.9217166e-02   2.0446642e-04  -1.8433033e-03
  -1.2217294e-01   4.1367260e-02   1.8746853e-01   2.5109048e-01  -1.3057994e-01   2.9366050e-02  -3.4298121e-02   9.2963297e-02  -1.3761608e-01  -1.2251891e-02  -3.7040941e-02  -2.4755451e-01   1.1642663e-01   2.5413584e-02  -1.7646633e-02   3.2225513e-02   2.9209877e-02  -4.5522056e-02   3.3452791e-02  -4.9316453e-03  -5.3623837e-03   1.0100397e-02   3.2418589e-02   2.5418706e-02  -1.2726298e-02  -1.1072263e-02   2.7612580e-04  -9.6410211e-02
  -2.9985003e-03  -6.8473675e-04  -6.1869776e-04  -1.1666059e-02  -2.9897700e-02   3.5088661e-02  -7.7804866e-03   1.7518651e-02   2.3619041e-01  -1.4524618e-03  -1.1837677e-03   1.5698515e-02  -4.1938591e-01  -7.0306852e-01  -1.7705174e-02  -1.3713867e-02  -3.7527238e-03   1.4196411e+00   7.9561826e-02  -4.6110955e-02  -1.7808024e-01   3.4189330e-02  -1.0545706e-01   1.1736532e-02  -1.2507256e-01  -7.5145655e-02  -1.2235994e-03  -2.7467015e-04
  -8.7829826e-03   4.6670929e-03   7.8185169e-04   3.1228590e-06  -1.3844247e-02  -8.5325689e-03   2.4827217e-03   2.0674643e-02   6.2393041e-03   5.5089921e-03   1.3552805e-03  -5.8302962e-02   1.0220622e-01   1.2112527e-01  -8.5862020e-03   1.3319102e-01  -1.7353958e-01  -4.5489029e-01   9.1937678e-03  -8.2030865e-02   4.7831588e-02   7.1667562e-02   6.5303601e-01  -8.9059694e-04   4.3044113e-01  -6.1031976e-01   1.2427897e-03   1.4359918e-02
   6.1390334e-03  -7.1796680e-02  -1.6955215e-03   2.9110236e-02  -1.1154143e-01   4.6562385e-03   3.0865128e-01   7.2298890e-02   4.1253131e-04  -2.6898937e-02  -2.8188708e-02  -8.4655775e-02   4.2939468e-02  -8.2391436e-02  -1.1567292e-02   4.8819550e-03   3.4531111e-03  -1.7786917e-02   9.8076536e-03  -7.2836803e-03   5.8236292e-02  -5.6108285e-04   7.9086124e-02   1.3353916e-02   2.8712881e-02  -6.6316411e-02   9.9688030e-04   9.3825913e-02
  -1.0020852e-01   2.0825305e-02  -1.6903669e-02   6.2119377e-01  -1.9217013e-01   1.7801413e-02  -7.8901457e-03  -2.0442764e-01  -1.2928622e-01   6.7991584e-05  -1.6661682e-02  -1.3450332e-01   8.9791258e-02   2.7814865e-02  -2.9786501e-03   4.1401017e-02   3.0547867e-02  -5.0060845e-03   1.2193050e-02   6.5557532e-03  -5.2149399e-02   1.0438284e-02   1.3726271e-02   1.9411580e-02  -1.0189011e-02  -1.0526158e-02  -4.0976088e-04  -2.1551187e-02
   1.9084196e-03   3.9836644e-03  -1.0404863e-02  -4.4485464e-02  -3.0501014e-02   2.2920454e-02  -1.5492989e-02   5.1415924e-02  -1.5728883e-02  -1.2211250e-02   2.5899305e-01   4.8816984e-02  -2.2784996e-02  -8.2965239e-03  -8.4124421e-03  -7.5364096e-02   2.1572033e-02  -1.5606703e-02  -1.2501605e-01  -3.5647663e-02   3.3102625e-02  -1.6295288e-02   7.3241654e-02   2.1365680e-02   1.1595057e-01  -9.7162635e-02   3.7802631e-04  -4.7378377e-02
  -5.9825658e-03  -3.4709920e-03  -7.2741229e-04  -8.4864717e-03   2.5502326e-02  -1.8115332e-02   5.9714273e-03  -3.5108568e-03  -1.5840931e-02   4.0724984e-03   5.2902848e-03   1.5660591e-04   7.4489883e-02   4.7373568e-02   2.7434383e-03   9.0765423e-03   9.1037920e-03   7.6658763e-03   4.2657875e-01  -1.9205157e-01  -1.4273622e-01  -5.4721550e-02  -3.7411092e-02   4.9838385e-03  -3.2088078e-01   6.0310680e-01  -1.0859337e-03  -8.8039543e-03
   3.1866702e-03   2.1750361e-03   1.0203960e-05  -3.3695622e-02  -4.6154032e-02  -7.2905494e-03   5.2587265e-04   1.1588972e-01   1.8608879e-01   5.2245734e-03  -8.0828791e-03  -1.8000967e-01  -2.7992572e-01   1.0166768e-01   1.2479822e-03  -2.1359347e-01  -5.0623280e-02  -1.2687695e-01  -2.2392780e-01   1.0035421e+00  -1.6822714e-01   4.4520727e-02  -3.8607064e-02  -3.0746128e-03  -2.2533752e-01   1.2459981e-01  -3.3933632e-04  -1.3207693e-03
   7.7571074e-03  -4.3129044e-02  -1.0693421e-03   1.7789614e-02  -1.6735177e-01   4.4710959e-01  -8.4763390e-02   5.5991789e-02  -2.0857157e-01  -2.0192074e-02  -4.2179909e-03  -5.5887137e-02   1.1427112e-01  -8.2331915e-02   1.0989211e-04   4.6855275e-02   5.4538161e-02  -6.3853262e-02  -2.8225369e-03  -2.3137910e-02  -2.0221899e-02   2.3590294e-02   1.6042854e-02   6.7817863e-04   2.5483602e-02  -1.8182562e-02   1.1498550e-03   1.3373088e-02
  -2.2336352e-02   2.2513915e-02  -1.3022715e-03   7.4197280e-03  -2.4238628e-02  -8.4083215e-03  -1.8933513e-02   1.6785853e-02   1.9651391e-02  -4.5085081e-03  -1.1554970e-02  -1.3224880e-02   1.7093820e-02  -5.9851204e-02   2.0394518e-01  -2.1650585e-02   2.6806130e-02  -6.5483817e-02   1.5722441e-02  -7.3642828e-03   2.8241474e-02  -4.0196227e-03  -3.2029946e-02   3.1101166e-03   2.3241704e-03   2.9534798e-02   4.3453735e-04   3.4302516e-02
   5.8416510e-03   9.7432518e-03   6.0693743e-03  -1.6211319e-01  -7.1649807e-02  -1.3314566e-02   4.6812610e-03   6.7759592e-01   1.9556627e-02   3.5420979e-03   4.9443407e-02  -1.1165871e+00   3.5696332e-01   5.2361609e-03   5.3237733e-03   3.2575914e-02   1.5570567e-03  -3.6459207e-02   3.5484538e-02   2.6673943e-01  -2.2961064e-02  -3.2300481e-02  -2.2116578e-02  -3.7217177e-02  -8.8568931e-02   8.1634472e-02   1.9421532e-03   2.4855964e-02
   2.9613700e-03  -1.0832898e-03   8.8172705e-04   6.2007967e-03   1.0442252e-02  -6.5650975e-03   4.9457939e-04  -2.9609552e-02   8.2657450e-02   1.3955429e-02  -5.0551518e-03   5.4171390e-02  -1.0435131e-01  -6.7323838e-02  -1.2200106e-03  -1.8834778e-02  -6.1592494e-02   8.7585107e-02  -2.2564520e-01   3.4663596e-02  -5.0698007e-02   3.0817490e-02  -8.5131487e-02   1.5442568e-03   5.0740853e-01  -1.9433007e-01   4.6676775e-04   8.9672618e-03
  -2.1758614e-02  -9.6387603e-03   4.9708780e-03   3.4485781e-01   6.0438620e-03  -1.1444023e-02   2.9760225e-04  -6.3891755e-01   1.0857149e-01   4.6950296e-03   6.9630724e-03   2.1104538e-01  -2.0603441e-02  -1.2345556e-02  -6.2345152e-04   1.1770881e-01  -1.0124111e-02  -1.4957112e-02  -6.4443120e-03  -5.3536840e-02  -2.6202029e-02   1.7337777e-02   9.2013369e-04   1.6159693e-02  -1.6081386e-02   5.8776614e-03  -8.8533339e-04  -1.6208663e-03
   1.8937908e-01  -2.0804802e-01  -2.1997890e-03  -7.6369497e-02  -1.0115657e-03   1.0887043e-01   1.1632161e-02   3.7011872e-02  -1.5049408e-02   1.1350813e-02   1.1601301e-03  -7.2594658e-02   3.9991341e-02  -4.9265000e-02  -1.2457754e-03   3.9736185e-02   8.7911697e-03  -1.9360544e-02   2.1621461e-02  -2.2618399e-02  -3.3549832e-03   8.1156620e-04  -1.1087666e-02   3.3031462e-03  -1.7666517e-03   2.2434815e-02  -1.1304594e-04  -7.5169348e-02
  -4.7513853e-03  -2.1518139e-03  -2.0388356e-04  -4.5967032e-03   1.3029875e-02  -1.6712552e-02   1.4100740e-04  -3.6089023e-02   1.9225704e-01  -1.6772898e-02   4.3117116e-03   9.3121244e-02  -3.0195750e-01   1.8544554e-01   1.7287280e-03  -4.4024515e-02  -1.5520191e-01  -3.9495265e-01   1.0989299e-01  -3.6118929e-01   9.2221680e-01   5.1401118e-03   1.7774691e-02   4.4066142e-03  -2.3939373e-01   3.5878164e-02  -9.7841291e-04  -3.4566958e-03
  -5.8415297e-04   6.2026313e-03  -1.3776107e-04  -5.6351079e-05   1.0994519e-02  -4.6217136e-03  -3.4614648e-04   1.4934992e-02  -5.0272428e-02   6.6959043e-03  -3.8721857e-03  -1.6591022e-02   2.4470789e-02   2.3778223e-02   7.3124228e-04  -4.2256951e-02  -1.0015923e-03  -5.2240572e-02  -9.9035659e-02   1.7904705e-01   8.4005203e-03  -3.6715727e-02  -6.3268050e-02  -7.1030419e-03  -4.6376629e-01   5.3625206e-01  -7.6757627e-04   8.8310243e-03
  -2.5319860e-03  -1.3118256e-03   2.4327398e-04   9.2457119e-03  -4.8188957e-02   8.9020991e-03   5.7157488e-04  -2.0944896e-02   7.9922782e-02  -5.4273992e-03   2.0130955e-03   3.2096985e-02  -6.6789932e-02  -5.6590654e-03   1.4504764e-03  -1.1954165e-03  -3.2274051e-02   2.6696391e-02  -6.5869785e-02  -1.5430903e-02   8.5465472e-02  -4.8497861e-03  -4.9212994e-02   2.0659649e-01  -3.3555164e-01   1.7792259e-01   5.6169134e-03  -9.6202302e-05
  -7.9504811e-03   9.6008033e-03   6.2075330e-04   1.1755199e-02   1.8193911e-02  -7.9959107e-02  -5.2238362e-03   1.1993855e-02  -3.6368391e-02   8.0858003e-03  -1.9057557e-03   3.2619087e-02  -2.2853419e-01   5.2988652e-01   6.7018951e-03  -1.9534647e-02  -5.9996596e-03  -2.7227642e-01  -2.0283379e-02   4.0263640e-02   1.8226056e-03   2.8005832e-03  -4.2760885e-03   6.8811852e-03   3.8635648e-02  -9.3762714e-03  -2.3203325e-04   1.3784677e-02
   1.3759161e-02   2.1751103e-02  -2.0109534e-05   2.9339343e-02  -4.2338587e-01   1.7716060e-02   8.7033109e-04  -2.5672584e-02   6.7534456e-01  -8.8531498e-03  -3.5397395e-04   1.0692683e-02  -3.1821882e-01  -7.5758102e-03   1.0875270e-03  -5.5747420e-03  -2.4627407e-02   4.5810893e-03  -2.4503697e-02   2.5886521e-03   2.7059718e-02   5.1174093e-04  -7.1475537e-03   2.8507013e-02  -6.9412448e-03   3.7510141e-03  -1.5867525e-04   4.3988166e-03
  -7.4232604e-03   1.1767628e-02   2.0539218e-04   2.7180397e-03   9.5434503e-03  -1.0593838e-01  -1.6671114e-03   1.0858370e-02  -7.1390176e-02   2.9157782e-01  -5.4809019e-04  -3.8088123e-03   1.9152431e-02  -1.8567260e-01   6.2085734e-04  -6.8130057e-03   3.2895006e-03   7.4604122e-04   5.0850710e-03  -3.5978740e-03   3.1480271e-02   1.2362615e-02   5.7679574e-03  -3.3232464e-03  -9.1178181e-03   4.3210671e-04  -7.7145940e-05   5.0429197e-03
   1.9157790e-03  -2.3089379e-03   8.2180697e-05   2.6727910e-03  -1.7524916e-02  -7.5936576e-05  -3.4615554e-04  -1.2336591e-02   1.2992997e-01   1.7221086e-03   1.4203247e-03   4.9651009e-02  -3.5883550e-01   3.9222047e-02   1.8403550e-04  -9.4384273e-02   4.8781886e-01  -1.0546432e-01   1.0972361e-02   1.4569946e-02  -1.5666553e-01  -3.1808602e-03   1.6557123e-02  -3.3753157e-03   1.5742486e-03   1.2696159e-03  -1.3604869e-04  -9.4958514e-04
   3.7480683e-03  -1.5944844e-03   5.6296227e-05  -4.8096803e-02  -1.9195415e-02   2.5071900e-03  -1.8099299e-04   1.5652085e-01   7.6020909e-02   4.4302113e-03  -3.1809165e-03  -3.5513028e-01  -1.1353632e-01   2.2301111e-04   2.7280612e-04   5.8127380e-01  -2.0387909e-02  -3.5268663e-03   4.0768455e-03  -3.1945590e-01   2.6415882e-02   5.4002038e-03   3.4996376e-03  -3.8373440e-03   5.0963383e-02  -2.2181470e-02   1.2107189e-03  -1.5987768e-03
   7.5741319e-04  -4.5563817e-04   3.5808802e-05   4.4334774e-03  -1.7394695e-02   2.4977255e-03   6.7880615e-04  -1.0356937e-02   6.8411581e-03  -2.6568035e-03  -8.3552342e-04   5.9185252e-03   4.5640758e-02   2.7442779e-02  -3.8377855e-04   7.5869983e-04  -6.1326854e-04  -1.6756649e-01  -2.9208703e-03   4.6162106e-02  -1.7772070e-01   3.1074912e-01  -5.5992993e-02  -1.5866437e-03  -5.9870397e-03  -2.6138700e-02   7.7164411e-04  -1.5569042e-03
