  -1.0441984e-01  -1.4854385e-01   3.9228029e-02  -9.7016114e-02   1.5023243e-01  -1.7150701e-01   9.4265185e-03   1.0010867e-01  -2.5241760e-02   2.3417891e-01   1.1870457e-02  -7.8402555e-02   2.6986648e-02  -4.1632141e-02   3.2694733e-02   9.6859712e-02  -2.7507447e-02  -6.1095394e-03  -2.4603754e-02  -7.5900481e-02   3.8095708e-03  -3.2193235e-02   7.5818053e-02  -2.1274703e-01   5.0039730e-01  -3.4423935e-01   1.2505632e-01   2.5417783e-02
  -6.5568839e-03  -1.6650159e-02   6.7911947e-03   6.1305592e-03   9.4708811e-02  -1.6434840e-02   1.1446514e-02  -7.3430811e-03  -2.8053178e-01   1.4004145e-01   3.6435989e-03   1.1007013e-01   3.7832674e-02  -4.9340360e-02   1.4379750e-03  -4.3366396e-01   9.0569437e-01  -3.1228504e-01  -5.8751974e-02   2.2988202e-01  -5.8495050e-01   1.9823064e-01  -3.6085740e-02   2.7189246e-03   5.2899160e-02  -3.3861421e-02  -7.7778017e-03  -9.0477952e-04
   9.7671048e-03  -1.5122760e-02   7.1764146e-02  -8.5941557e-02  -8.5552655e-03  -5.1639797e-02   5.4816875e-02   1.7203568e-01  -6.3451759e-02   2.3675357e-01   1.6558028e-02  -1.5450447e-01   3.7431674e-02  -1.7842846e-01   5.4935711e-02   2.6493288e-01   5.1664748e-03   1.0416898e-01   5.2539273e-01  -4.4500661e-01   1.6391701e-02  -2.8821969e-01   3.7906920e-01  -3.6876986e-01   7.3986767e-01  -2.5849236e-01   2.8499142e-02  -7.2181473e-03
  -1.3101990e-02   1.9100918e-02   1.1449839e-02  -3.4025957e-02  -2.8752463e-01   1.0958585e-01  -3.5062882e-02  -1.4236562e-01   9.7251066e-01  -4.2946977e-01   4.8487660e-03   1.7591575e-02   3.8259384e-02   3.6704892e-02  -3.5239381e-03   1.1329500e-01  -4.9421740e-01   2.9944755e-01  -9.1531718e-02  -1.6865953e-02   3.2875716e-01  -2.5213380e-01  -2.6961343e-03   4.5484235e-01  -1.0111060e+00   5.3496656e-01   6.7218991e-03  -3.4465504e-02
   2.3215587e-03  -8.3524595e-03   7.5509346e-03  -9.3139108e-03  -2.5864505e-02  -1.6113706e-02   1.2228162e-02   9.7493553e-02   3.1770267e-02   1.4230495e-01  -7.4248419e-06  -1.2556964e-01  -7.2586216e-02  -6.3422856e-02   1.0762203e-02   1.4971048e-01  -5.6520035e-01   8.8956242e-02   4.4699521e-02  -3.8115399e-01   1.1524180e+00  -3.8749825e-01  -3.6594677e-02   2.0934215e-01  -5.4338027e-01   2.8491136e-01   3.9586047e-03   2.3557771e-03
   4.5818273e-03   6.4909116e-03  -1.9803493e-02  -2.6041465e-02  -2.0622140e-02   3.9768060e-02  -1.3207754e-02   2.0370249e-01   4.4764245e-02  -1.4428442e-01  -7.8239967e-03  -8.0744645e-01  -5.7205491e-03   1.0305937e-01  -1.2753282e-02   1.4338641e+00  -8.7771547e-02  -1.0034047e-01  -9.1280890e-02  -6.2102139e-01  -6.0645071e-02   6.6142725e-02   1.4110113e-02   9.2636720e-02  -5.0151665e-02   1.8619579e-02  -3.4071869e-03  -1.4931723e-02
  -2.6367628e-02  -1.4880573e-02  -3.1785719e-02  -3.9719819e-02  -1.3016534e-02   2.1600397e-02   5.6573200e-02  -1.8753491e-02  -1.6910964e-01   6.2696246e-01  -3.9805105e-03   5.5189041e-02   2.3318690e-02  -6.1159462e-01   1.2166745e-03  -8.3035720e-02  -4.0576716e-02   3.8126929e-01  -1.1145680e-01   1.4170482e-01  -1.7588910e-02   1.8380045e-02  -1.5534700e-01   1.8782357e-01  -4.1043887e-01   1.8244135e-01  -6.0881720e-03   5.1339463e-02
  -3.5870112e-03   1.8791889e-03   1.7202100e-02   2.8056317e-02  -1.8085519e-02   2.6606883e-02  -3.0061810e-02   8.2536259e-02   2.5556529e-02  -1.9339719e-01  -2.6313951e-03  -1.1957460e-02   6.7058869e-04  -3.2625341e-01  -7.0883895e-03  -3.1790944e-01   2.3908700e-02   1.1590158e+00   8.2286532e-02   1.1431403e-01  -7.1814184e-02  -6.5363587e-01   4.9459671e-02  -1.4427002e-01   2.7396839e-01  -5.6299625e-02  -7.9461249e-03  -1.1549646e-02
   8.8818542e-02   8.7235613e-02  -2.2465056e-02   3.5414562e-02  -7.3096877e-03   1.8279470e-01  -3.1470904e-02   4.9646690e-03  -2.5592667e-02  -3.0634589e-01  -1.2191569e-02   2.0060519e-02  -9.8342362e-03   1.3155856e-01  -5.1465231e-03  -1.1624119e-01   4.9285533e-02   7.7943664e-03  -8.7533028e-03   1.0770320e-01  -9.9040990e-03  -3.5607625e-02  -9.4031193e-05   7.6403086e-02  -1.7680840e-01   1.1003947e-01   1.4248280e-01   2.5403814e-02
  -7.5485835e-03  -7.5394905e-03   2.4325434e-02  -3.9207234e-03   7.9707489e-03  -1.0615175e-02   9.3698117e-03   1.0129607e-02  -2.6384487e-02   4.3577253e-02   1.3275588e-02   3.8994757e-02  -9.0736595e-03  -6.5629058e-02   3.5935919e-03  -6.4675008e-02   5.8418746e-02   9.8040834e-02  -4.3625609e-01   2.5919981e-01  -1.2155870e-01  -1.3354751e-01   4.7341024e-02  -1.2983190e-01   6.0080673e-01  -2.1414900e-01  -9.0078310e-03   1.9258759e-02
  -1.9998063e-03   2.8318854e-04  -2.3102504e-02  -4.9162539e-02  -8.1352120e-03  -6.1885204e-03  -1.0455986e-02   1.0557966e-01  -3.6074090e-02   6.7644155e-02  -1.2745194e-02   3.5661603e-02   1.3792170e-02  -6.8502980e-02   2.7662629e-03  -1.3532819e-01  -4.3546465e-02   1.2207045e-01  -4.9362271e-02   5.7648753e-02   2.3824149e-02  -5.1908911e-04   2.0731505e-02   1.3053953e-02  -1.3674331e-02  -4.4828819e-02  -1.1901955e-02   2.6896939e-01
  -9.6206604e-03  -1.0690562e-02   9.1796564e-03   2.1755254e-02   1.0410476e-02  -3.1418440e-02   8.2118182e-04  -3.1220837e-03  -3.0790416e-02   8.3129368e-02  -2.3911783e-03   1.2893611e-01  -3.3869863e-03  -9.1068743e-02  -2.4706917e-03  -7.4890846e-01   1.3029891e-01   1.0928211e-01  -1.8206202e-01   1.1478132e+00  -3.9709356e-01  -4.1945701e-02   3.9116607e-02  -1.1080497e-01   7.5409089e-02  -5.7672724e-02  -8.0257608e-03  -1.0151590e-03
   2.0534685e-03   4.1403489e-03  -1.0356824e-02  -1.2728943e-02   1.7546442e-02   1.2881894e-03  -5.8477276e-03  -3.1110194e-03  -3.7128303e-02   3.0838222e-02  -1.4788750e-03   2.9233483e-02   8.1110361e-03  -1.2436299e-02  -1.8076019e-02  -3.4386318e-02   6.9264521e-03  -7.4128341e-02  -2.3923498e-01   1.3910271e-01   3.9543135e-02  -1.4280313e-01   4.2993920e-01   2.4695193e-01  -3.2546607e-01  -3.0557674e-02   2.1709218e-03   4.1966012e-02
  -7.9401170e-04   4.5459451e-03   8.3441262e-03   2.1569377e-03  -1.0583637e-02  -4.9006034e-03  -7.0997710e-03   3.5568483e-03   6.4828549e-02  -9.3534829e-02   3.5589519e-03  -4.4530684e-02  -1.9399335e-02   2.7504491e-01  -3.7022945e-06   1.5229591e-01   6.5191594e-02  -8.7762066e-01   7.6660931e-02  -2.2506792e-01  -2.2013961e-01   1.1220907e+00  -1.1135170e-01  -7.6223538e-02   2.1556365e-01  -2.9231603e-01   8.4296975e-04  -2.0648159e-02
  -2.6875153e-02  -2.7629502e-02   2.3373011e-01  -2.4552805e-02   3.1486946e-02  -2.3077572e-02  -2.1968126e-02   3.3115010e-02  -6.5459128e-02  -1.7465159e-02  -4.7630849e-03   6.6282477e-02   2.2651605e-03  -1.3008922e-02  -1.2406764e-02  -1.2226968e-01  -1.0660553e-02   5.7200017e-02  -5.4372426e-02   7.0504710e-02   5.0744443e-02  -2.1177835e-02  -4.1528211e-02   1.6998836e-01  -3.5735868e-01   1.8225225e-01  -3.6402379e-03  -9.7454392e-02
  -5.7990285e-03   4.6270030e-03  -9.4444217e-03   1.2676327e-01   4.4377543e-02  -4.4216882e-02   6.0465033e-03  -6.5315982e-01  -9.3234027e-02   1.7419555e-01   5.3591601e-03   1.0163050e+00  -1.4061746e-02  -1.9729956e-01   1.2737175e-03  -5.7166420e-01   3.1000248e-02   1.5969148e-01  -6.9275570e-04   1.6714234e-01  -1.3335099e-02  -7.9188020e-02  -2.1549773e-03   5.0021204e-02  -1.2945203e-01   9.6785657e-02   3.0317016e-03   4.4731712e-03
  -4.4159500e-03   1.7424301e-03  -1.3190220e-03  -1.3852825e-02   1.2367256e-02   3.3359443e-04   2.1143593e-03   3.4107882e-02  -1.0315131e-02   5.1353127e-02   5.5310515e-04  -3.2405815e-02  -2.6347742e-03  -1.3355272e-01   5.0174344e-03  -1.5850604e-02   2.2309827e-02   2.7104218e-01  -5.1227791e-02   2.3697433e-02   7.2347969e-03  -2.4100851e-01  -3.2618051e-01   3.9845190e-01  -1.0088451e+00   1.0242625e+00  -3.1312041e-03  -2.4879737e-03
  -2.3577785e-03   2.1930778e-03  -8.0776936e-03  -8.5103398e-03   4.5367607e-02   2.2322588e-03   2.8190565e-03   6.5494888e-02  -1.6877037e-01  -2.0198628e-01  -1.5822335e-03  -1.0865214e-01  -1.0269225e-02   8.5974837e-01  -8.1806671e-04   9.7660802e-02   3.0518270e-03  -7.5890266e-01  -5.6027466e-03  -4.8949871e-02   1.2111055e-02   3.4824814e-01  -4.1204488e-02   1.0095285e-01  -2.0147521e-01   6.9681121e-02   2.5604787e-03   1.7171687e-02
  -2.0158337e-02  -2.1507899e-02  -1.4091585e-02  -2.5124879e-02   4.4207356e-01  -3.7689636e-02  -1.6775368e-02  -7.7811883e-02  -3.0978768e-01  -9.3965401e-02   2.4459321e-03   6.2201518e-02   4.1992649e-02   8.1829920e-02   2.0862707e-04   5.7300657e-03   9.8701197e-03  -2.5426598e-03   1.1823128e-02  -6.5642352e-02   3.7129221e-02  -4.2537340e-02   7.2184666e-03   1.9558649e-02  -2.3299124e-02   1.2652695e-02  -1.3234167e-03  -9.0419339e-03
   1.3942935e-01  -1.2021072e-01  -2.3949911e-02  -1.8541738e-02   1.0003268e-02  -9.1441774e-02   5.4470792e-03  -3.7188963e-02   2.7904101e-02   1.5362775e-01   2.6444628e-03   4.3707960e-02  -2.9650078e-02  -1.0023962e-01   4.0492705e-03  -3.3712054e-02   8.2642831e-03   6.7600352e-02  -1.5131599e-02   1.4315495e-02   3.8989518e-03  -1.1890247e-02  -3.6498478e-02   3.3803574e-02  -6.5744141e-02   3.3125152e-02   1.1287586e-02  -2.7953041e-02
   2.1856582e-04  -6.0820105e-04  -5.1181346e-02  -1.3611321e-01  -1.4937535e-03   6.8192686e-02  -1.2978250e-02   4.8784646e-01  -1.3238918e-01  -1.1016695e-01  -7.4070690e-04  -7.6929235e-02  -4.5420851e-03   3.3327138e-02  -3.9136017e-03  -1.1073326e-01  -3.3272235e-03   1.7039853e-02  -5.0152518e-02   7.2247385e-02   1.5674357e-02   1.5409215e-02  -2.7682933e-02   7.8730018e-02  -1.6072577e-01   6.7080726e-02  -2.8117998e-03  -3.6011664e-02
  -6.9885434e-04   7.5118829e-03  -5.2324385e-02  -2.3759736e-02   4.1229855e-03  -8.1339475e-03  -7.0712323e-03  -1.0485004e-02   1.3473228e-02   1.4522499e-03   1.9434218e-01  -6.3199250e-03  -7.8609084e-03  -1.8381592e-02  -1.0033178e-02  -2.5472907e-02   4.9598140e-04   4.2595070e-02  -7.7157204e-02  -8.8991664e-04   3.0201089e-02  -3.7314922e-02  -5.8767669e-04   8.7492227e-02  -1.2574781e-01   6.8315233e-02  -5.8373845e-03  -2.7818650e-02
   9.9528049e-03  -2.9261290e-02  -3.0242113e-02   3.1473061e-01  -7.8671004e-03  -2.3812832e-01   1.2048433e-02  -2.4118804e-01  -3.4388281e-02   3.1987966e-01   1.0546402e-03   8.6326717e-02  -1.3260761e-02  -1.5588846e-01   1.6289875e-03  -1.1840899e-02   2.5676947e-03   6.8905422e-02   1.6071250e-02  -3.3142246e-02   1.9800222e-02  -2.5248899e-02  -1.3401831e-02   3.1378526e-02  -7.1938658e-02   5.4903874e-02   6.5910994e-03  -1.8478834e-02
  -7.3758166e-03  -3.3509278e-02  -2.7805705e-02  -1.0596594e-02   1.1374199e-02   4.9941906e-02   1.7268729e-01   1.2433212e-02   3.3838894e-02  -2.2840904e-01  -4.6158569e-03  -3.8341937e-04   8.3233457e-03   1.0162909e-01  -1.2498949e-02  -1.8188135e-02  -2.9533804e-03  -4.5447537e-02  -2.5371485e-02   2.2593537e-02  -4.2873678e-03   5.2159951e-02  -2.3938911e-02   6.8965706e-02  -1.3559040e-01   6.3041852e-02  -6.9591506e-03   5.6539794e-02
   1.8453575e-03   7.2565264e-03  -2.1300359e-02  -1.0564723e-02   3.4656605e-03  -7.6926234e-03  -3.3159471e-02   7.5546529e-03   1.4997985e-02  -4.2495441e-02  -1.0523689e-02   3.6092757e-03   2.5689968e-03   8.4566625e-03   1.9689319e-01  -1.5782221e-02  -3.4501300e-03  -3.3699863e-02  -3.8033757e-03   9.7976662e-03   2.2603243e-02   1.8620089e-02  -1.0609690e-01   6.0391501e-02  -1.5475184e-01   1.2523805e-01  -3.7412771e-03   4.5822317e-02
   1.4332741e-03  -4.5385695e-02   1.7991133e-03   5.8631375e-02  -5.8326346e-02   2.8954607e-01  -5.4848907e-03  -5.2538135e-02   2.1802959e-02  -3.7357920e-01   5.1575450e-03   2.0015116e-02   5.4354848e-03   2.0566128e-01   1.1529319e-02   1.4895413e-02   1.1204589e-02  -1.0565814e-01   5.0250242e-02  -5.5207490e-02  -9.7192441e-03   2.9068296e-02   3.8540699e-02  -3.9679032e-02   9.0148148e-02  -3.9058408e-02  -1.7679910e-03   5.4719517e-03
   3.5727241e-03   1.1010887e-05   7.7029542e-04   4.0331125e-03   8.3337021e-04  -1.4970383e-03  -2.5066257e-03  -3.6797598e-03   8.6323337e-03  -1.5996772e-02   3.8416024e-03  -5.7769582e-03  -1.8304517e-03   3.5058911e-02  -9.4637478e-04   7.5461213e-02  -2.0728313e-02  -8.3977254e-02  -1.0931821e-01  -1.1535811e-01   2.6389862e-02   1.0927914e-01   5.0787204e-02   3.8354688e-01  -1.9517583e-01  -1.3086155e-01   2.5755583e-03   4.4059138e-03
  -5.5580948e-04  -1.7835762e-03   7.7762363e-04   4.3557244e-03   2.1289110e-02   3.8991853e-03   1.4011331e-05   1.4509587e-02  -1.2578330e-01   1.0856565e-02  -2.5099471e-04  -4.1441952e-02   2.0226366e-01  -3.7787851e-02  -4.6176844e-05   2.8581822e-02  -1.3590794e-01   2.7149789e-02  -2.8564244e-03  -3.5736517e-03   5.2154703e-02  -2.4709627e-03  -8.2012068e-03   2.0592854e-02  -5.0572911e-02   2.1316607e-02  -7.5932601e-04  -3.1861668e-03
