  -7.6394139e-02  -1.8604870e-01   6.3269977e-02  -7.2633631e-02   1.2148902e-01  -1.0973158e-01   7.3414513e-02   5.9954221e-02   2.7249675e-02   2.1303574e-01   1.7424923e-02   1.2363314e-02  -1.1692763e-02  -1.4004823e-01  -1.3648941e-02  -3.9565792e-02  -4.9162375e-02   6.3949243e-02  -1.2714982e-02   3.5450784e-02   3.2330788e-02   1.5861490e-02  -7.9490924e-02  -7.1329005e-03  -5.7400358e-02   5.1426930e-02  -1.4805258e-01  -4.4260373e-02
  -3.7050804e-02  -9.6512214e-02   4.0021537e-01  -5.9557257e-02   2.0442938e-02  -1.9042992e-02   2.6434979e-01   2.6245006e-01  -3.2961245e-01   2.1389927e-01  -1.7393468e-02  -1.3515676e-01   1.6363383e-01   1.1762280e-01  -7.6992153e-02   2.1717288e-01   5.7207030e-01  -3.4030107e-01  -4.5015515e-02  -9.4744867e-02  -7.0995128e-01  -2.4949775e-02   5.8741554e-01   3.8377876e-02   4.6023683e-01  -2.4184428e-01  -8.4920177e-02  -5.3526221e-02
   1.0070529e-02   2.6271235e-02  -1.4142869e-01   2.7275372e-03  -2.5376457e-01  -1.6527885e-02  -1.2452157e-01  -1.7850137e-01   9.8456338e-01  -2.2897226e-01   1.8369345e-02   6.0774086e-03  -3.8735890e-02   6.8840280e-02   2.7209667e-02  -1.6785438e-02  -3.9979833e-01  -2.9079374e-02  -2.3462961e-02   1.7956111e-01   1.1572010e-02   9.3244971e-02   4.8093471e-03  -5.8457227e-02   5.3436095e-02  -6.9639644e-02   3.9362416e-02   9.5195452e-03
  -1.6566029e-03  -6.3157666e-03   2.9760310e-02  -3.5727556e-03  -1.0625700e-01  -5.2204466e-03   3.4771919e-02   1.5162608e-02   1.7915026e-01   6.6365257e-02  -2.6419426e-03   4.2706989e-02  -7.4836642e-02   1.5719332e-02  -3.3869898e-03  -1.2669931e-01  -7.5906878e-01  -3.1982216e-01  -1.0411756e-02  -4.4942274e-02   1.4569226e+00   7.1610142e-02   1.3718581e-02   2.4838503e-01  -7.3147626e-01   3.2560844e-02  -3.4600189e-03   1.9001778e-03
  -6.5293176e-03  -1.5592489e-02  -1.6299689e-02  -6.1570903e-02   4.6739072e-01  -7.4446907e-02  -2.5748243e-02  -2.9293253e-02  -3.4966725e-01  -5.4685345e-02   4.5169477e-03   2.4809895e-02   5.3958917e-02   9.8450013e-02   1.3254468e-02   1.3460463e-02   4.2257221e-02  -7.5891048e-02   1.9076731e-02  -5.5639790e-02  -1.9474181e-03   3.8090885e-02  -1.4826755e-02   9.5283849e-03  -1.7928099e-02   7.8521525e-03  -4.5512864e-03   1.8729763e-03
  -1.6040963e-03  -4.5275741e-03   2.6172836e-02  -1.1704729e-02   5.5283002e-02  -1.9918109e-02   1.8279266e-02   8.5465434e-03  -5.7541391e-02   2.8868703e-02  -5.1876232e-03   9.9634581e-03   2.5370664e-02  -3.1340895e-02  -2.4336940e-02   1.5367788e-02   5.5967891e-02   9.4382793e-04  -7.2957888e-02  -8.7835249e-02  -2.5226554e-01   4.1219429e-02   2.0541475e-01   2.9941937e-01   4.3894295e-01  -3.8760189e-01  -7.5895070e-03   7.5651858e-03
  -1.3301405e-02   1.1230619e-02   6.8723033e-02  -1.9330981e-02   3.4919096e-02  -4.2296567e-03  -1.1716405e-01   7.8728703e-02   6.4799824e-03  -2.1096607e-01  -1.9492284e-02   2.0435854e-02   2.4604669e-02   1.4041326e-01   5.9812363e-02  -2.6268754e-02   1.4032488e-01   2.9052725e-02   2.4219593e-02  -1.2416439e-01  -1.3221374e-01  -1.9249618e-02   6.5103951e-02   5.0693401e-02   2.8865569e-02  -1.3881801e-02  -7.8584763e-03   1.9092502e-01
  -4.2800789e-04   4.7719004e-03  -2.0105209e-02   6.1302786e-04  -1.5824187e-02   5.7894354e-04   3.9513560e-03  -6.9395548e-03  -1.0509487e-03   2.6357677e-02   2.5038765e-03  -8.1748317e-03   4.0561573e-02   2.3623470e-02  -4.3451763e-02   8.2935622e-02  -1.6548865e-02  -3.1458163e-01   3.4681510e-02  -4.5407868e-02   4.4163579e-02   4.2255146e-02   4.4152866e-01  -2.9917309e-01   1.3139916e-01  -9.9771362e-03   8.7815647e-04   5.2170119e-02
   6.7703076e-03   9.5081991e-03  -4.7131761e-02  -6.9439864e-03   1.1609857e-01  -6.3452928e-03  -3.3266993e-02  -3.4315423e-02  -2.7276139e-01   5.7573822e-03  -5.8430705e-03  -2.0932460e-02  -4.0670298e-03  -4.1325305e-02   1.6352309e-02  -2.5185752e-02   1.0321619e+00  -1.6435266e-01   2.4187236e-02  -1.5470182e-01  -4.9928223e-01  -6.5220078e-02   9.0505273e-02  -4.4745402e-02   2.2323248e-01  -6.6337494e-02   2.5874123e-03   1.7391667e-03
   1.2375311e-01   7.0267533e-02  -7.3663371e-02  -2.3340512e-02   2.9710965e-02   6.5820963e-03  -1.0624144e-01  -3.8443948e-02   1.0178644e-01  -1.1863313e-01   5.7982778e-03   1.0038223e-02  -1.2443408e-02   8.1973481e-02   1.3093620e-02  -9.7028522e-03  -3.1093440e-02  -5.7212022e-02   1.3811199e-03   8.8945588e-03   3.2868124e-02   2.9441141e-02   5.5018105e-03   1.6659814e-02  -2.8615176e-02  -1.0285859e-02  -1.2923002e-01  -1.2987923e-02
  -1.2096749e-01   1.6671042e-01   1.8569561e-02  -2.0724171e-02  -7.2659714e-03   2.6312865e-02  -5.4051666e-02   3.0473839e-02   3.6209303e-02  -9.2614494e-02  -1.7737153e-03  -6.8139635e-03  -1.6563572e-02   7.4715859e-02   1.0073414e-02  -8.8383261e-04   7.2059689e-03  -5.0760354e-02   2.7905535e-03  -7.4953020e-03  -1.3388000e-03   2.0187937e-02   1.0573399e-02   1.2634600e-02  -7.9882770e-03  -8.6530495e-03  -2.2484459e-02   2.7880883e-02
   7.0144483e-03   6.9746684e-03  -5.3496553e-02  -2.0863911e-03   2.6158576e-02   7.1123204e-03   5.5599008e-03  -3.6912534e-02  -1.1153168e-01   1.2392122e-02   1.7359938e-02  -6.8687273e-02  -2.9083315e-02   2.8390735e-02  -9.1601819e-03   1.6889104e-01   2.1966251e-02   5.8450045e-04  -9.1647182e-02   4.6659146e-01  -3.2261383e-01   1.5038947e-02  -7.9797234e-03  -1.8397273e-01   1.1502239e-01   2.2823949e-02   2.1163738e-03   2.4438154e-02
   2.7923540e-03   7.5609788e-03  -1.0815653e-02   8.9626795e-03   2.7125061e-02   6.4215614e-03  -2.8311410e-02  -2.1167844e-04  -9.7593967e-03  -4.3335693e-01  -5.8806753e-03   1.2262907e-02  -6.4970086e-02   9.8393534e-01  -6.1481553e-02  -1.2645719e-02  -2.4674763e-01  -2.5841368e-01   6.5130770e-03  -2.5357851e-02   1.1635556e-01   1.6289391e-02  -2.7644164e-02  -6.8043085e-03  -1.3634815e-02   1.8049259e-02  -5.6492044e-04   1.9972360e-03
   1.0465796e-03   2.0761493e-03   3.1010852e-03  -5.1396112e-03  -3.9152051e-02  -3.1743632e-03   7.3641993e-03   2.6306762e-03   3.2237167e-02   2.6357775e-01  -1.5480587e-03   8.1635298e-03   2.9483167e-02  -9.4987080e-01  -8.1851120e-04  -5.4684685e-03   7.9592111e-03   1.0607241e+00   6.2551043e-03   1.5651459e-02  -3.1415687e-01  -4.2544261e-02  -1.4312629e-01  -2.7803133e-02   3.8412376e-02   2.9766658e-02   9.1822281e-04  -1.6775747e-03
   3.2024395e-04  -2.1285874e-04   1.6700123e-04  -4.9087897e-03   1.6326825e-02  -1.4575199e-03   1.3915103e-03   9.2298797e-03  -2.2253281e-02   6.1080651e-03  -3.3789746e-03  -4.6541728e-03  -8.4841748e-03  -4.3716336e-02  -1.5099827e-02  -5.1667341e-02   1.0283300e-01   4.5637579e-02  -3.4918428e-02   6.2211704e-02  -8.9107282e-02  -1.6551476e-02   1.6775500e-01   3.1429882e-01  -3.2968502e-01  -5.4212313e-02  -2.1877293e-03   3.6429347e-03
   6.6007778e-03   5.5513467e-03  -5.2757819e-02  -2.1192878e-03   6.5650857e-03   7.5782596e-03  -2.9789555e-02  -2.4447273e-02  -1.6133492e-02  -6.2494384e-03   1.8990210e-01   5.8417763e-02  -3.0616280e-03  -2.9514856e-03  -2.9993698e-02  -3.5011159e-02   1.1978975e-02   2.4053210e-02  -2.8649140e-02  -1.0265495e-01   4.0793617e-02  -2.8968376e-02   4.0004469e-02   6.3369308e-02  -1.9679354e-02  -5.3127241e-03   5.1206606e-03  -4.8056462e-02
   2.3230305e-03   1.1470084e-02  -5.1765028e-02  -2.6847395e-04  -2.1754887e-03   1.3636340e-02  -5.7104472e-02  -4.0250278e-03   3.2063997e-02  -1.9184776e-02  -6.2988884e-03  -2.6250236e-04   9.6821315e-03  -1.0351070e-01   2.6278813e-01  -5.6942334e-03   1.2740186e-04  -7.6347458e-03  -7.8691194e-03  -1.6683639e-03   3.8009797e-02  -2.4238396e-02  -8.6937841e-02   3.4314535e-02  -5.9635492e-02   7.6391478e-02   5.1374816e-03   7.0701017e-02
   7.1029064e-03   2.2082843e-03  -1.2791328e-01   2.4340150e-04  -2.9233496e-03  -6.7073094e-03   2.5339595e-02   3.2145183e-01  -1.4993881e-01   2.4502355e-03  -3.4674918e-03  -1.6026508e-01   3.5998654e-02   4.4386997e-02   1.1695943e-02   1.4290377e-02   8.2988307e-03  -4.6979674e-02  -3.4968961e-03   2.5169548e-03  -1.6739914e-02   3.7382236e-02  -9.0987970e-03   1.2254374e-02  -1.4809657e-02  -1.0717106e-03   1.4924595e-03   4.1003222e-02
  -1.0262897e-04  -1.6050286e-03   5.7266059e-03  -4.3407756e-03   2.4209084e-02  -2.6978329e-03   7.1078616e-03   5.0632279e-03  -7.2944126e-03  -1.3184389e-02  -5.4573046e-04   4.4806127e-04  -1.5489591e-02   2.5054870e-02   8.2138971e-03  -4.3057071e-02   1.2779111e-02   9.0093001e-02  -1.8188340e-02   5.9289615e-02  -5.2419933e-03  -1.6958216e-01  -1.3091360e-01   1.5551354e-01  -4.2149887e-01   4.9784897e-01  -3.6097402e-03  -6.9082339e-03
   2.2112422e-03   1.6553063e-03  -9.7716470e-03  -1.8327909e-02   2.2572295e-02   4.6648326e-03  -1.4753064e-03  -1.1727125e-01  -2.4689930e-02   9.2272455e-03  -8.2272667e-03   3.7339769e-01  -4.6505705e-02  -5.1809169e-02  -1.8576317e-03  -1.7908072e-01  -2.6340927e-02   9.6526320e-02   1.4614308e-02  -5.7053172e-02   7.7615372e-02  -8.5127175e-02   2.0672995e-02   1.6939133e-02   3.7882818e-03  -3.4096597e-03   2.8120189e-04  -3.5215934e-03
  -1.0526385e-02  -4.8177508e-03  -5.5737909e-02   2.3650188e-01   1.8536008e-02  -9.5322059e-03  -7.9905000e-03  -1.6197865e-01  -6.4624551e-02   2.4943063e-03   1.8829443e-03   4.5642326e-02   5.3853125e-03  -4.4510425e-02  -2.5223510e-04  -4.1749540e-03  -2.4823405e-02   1.3798387e-01   6.3140906e-03  -1.8878090e-03   5.2531829e-02  -1.5145360e-01   4.1004539e-02  -4.0697085e-02   6.5697424e-02  -2.9880900e-02  -5.1094290e-03   4.7233746e-03
   2.8147572e-03   7.4480220e-03   9.7480795e-03   2.0751255e-03   7.1544434e-04   3.3447496e-02  -1.4415904e-01   9.5162621e-03  -2.0096576e-01   3.2700655e-01   2.4713104e-03   2.8054944e-03   2.2352261e-02  -9.1650391e-02   2.4773538e-03   2.4638954e-03   2.8089149e-02  -2.3746932e-02  -3.3006762e-03   4.2999581e-03  -1.3859123e-03  -9.6788599e-03   4.0418952e-03  -1.4277073e-02   1.4376005e-02  -1.8228906e-03  -3.8044140e-03  -1.5567260e-02
   2.9557929e-03   5.0056129e-04   3.0856128e-03   7.9567774e-03  -2.1629455e-03   2.8077508e-03  -2.6474112e-03  -1.1616492e-02  -1.7458044e-02  -1.4580601e-03   9.3906835e-04   1.0031061e-02   1.8488920e-02   8.8657349e-03  -9.1727870e-03   1.9215742e-02   5.1758888e-02  -3.4374904e-02   2.6288044e-01  -1.7536318e-01  -2.0317243e-02   1.1824225e-02   6.8020125e-02  -1.0903431e-01   1.2233572e-01  -3.1825193e-02  -4.8516957e-03  -3.0055491e-02
   5.3464587e-03  -1.3188625e-02  -1.3830198e-01   7.0425849e-03  -6.5855407e-03  -6.4448705e-03   1.4765234e-01  -5.7542320e-02  -1.2822465e-02   7.0472050e-02   8.3041325e-04   3.2846561e-02   6.4587198e-03  -2.5222174e-02   7.1472748e-03   4.3576263e-03   1.0618143e-02  -3.8386999e-03   9.8306346e-03  -2.4793021e-02  -1.6883608e-05  -1.7447692e-02   2.9734829e-02  -4.8752033e-03   1.9556384e-02  -1.3479531e-02   9.2460978e-03   1.5921819e-01
  -1.0842791e-03  -3.9502911e-03  -8.7305963e-04  -2.4667572e-02   9.5388820e-02  -1.0268540e-02  -4.9483790e-03   5.0147111e-03  -8.0143975e-02  -2.1920588e-02   3.3841624e-04   4.7389570e-03   5.0534429e-03   9.2366232e-02  -1.0696372e-03  -1.6369083e-02   8.6200906e-02  -2.4704814e-01   4.9998926e-03   3.3476118e-02  -1.6069848e-01   3.2636993e-01  -5.0621332e-02  -3.7476144e-02   5.7697141e-02  -8.0224802e-02  -1.3276132e-05  -1.2782919e-04
  -1.1258447e-03  -1.1992361e-02   3.6399960e-04  -2.8799240e-03  -3.9736004e-02   2.0899881e-01  -2.7342936e-02  -4.6348878e-04   1.7031680e-02  -2.2294815e-01   6.7396319e-04   1.1096756e-03   3.1226914e-03   8.5192758e-02   8.0324435e-03   2.6173325e-03  -1.4676315e-03  -1.6406747e-02   7.4850500e-04  -4.6276563e-03   1.0996100e-03  -3.3127626e-03   3.2425628e-03   8.2516943e-04   2.9496916e-03  -2.2060110e-03  -1.0193624e-03   4.0866833e-04
  -9.5372399e-05  -1.2609066e-04  -1.0508776e-03  -2.4214599e-03   3.2245165e-02   4.0705587e-03  -1.8181629e-03   5.5885020e-03  -1.5792063e-01   1.8846934e-02   1.9766503e-04  -1.0610782e-02   2.5562849e-01  -3.6115533e-02   1.0966856e-03  -3.4466117e-04  -1.7745868e-01   2.8543870e-02  -1.9083609e-04   5.7680347e-03   5.1873601e-02  -1.3884241e-02   2.9080165e-03   6.9337604e-03  -1.1723988e-02   2.8233701e-03  -1.1396482e-04   1.0029051e-03
   5.3224317e-04  -1.0195644e-05  -3.2498016e-03  -3.2873330e-03   4.2947702e-03  -2.9597281e-03  -4.5224856e-04   8.4701300e-03   1.2429015e-02   2.9264804e-03  -1.6167090e-03  -5.5457848e-02  -2.5099435e-02  -3.3357728e-03   7.8415084e-04   2.2322822e-01  -2.4234393e-02   4.1732522e-04   1.2677925e-02  -2.4091601e-01   7.1801544e-02  -5.7988936e-03   5.8747131e-03   5.9476231e-02  -2.2381435e-02  -5.3671786e-03   1.8448759e-04  -1.7816111e-03
