  -2.6738866e-01  -1.9619365e-01  -1.9433637e-02   2.7230609e-01   2.2596115e-01   2.9519247e-01   2.8031476e-02  -1.8380215e-02  -4.1239457e-01  -2.4061109e-01   3.8065506e-02   7.3618361e-02   3.8725882e-01   8.8379404e-03   2.5234828e-02  -3.0314370e-02  -5.4296076e-01   1.6530855e-01  -1.4924739e-01   5.6762270e-02   3.2175530e-01  -5.0577067e-02  -1.7670251e-01  -2.7383371e-01   2.3287618e-01  -4.7030690e-02   8.5384982e-02   3.2101489e-03
  -1.1823081e-02  -1.2534121e-01   1.3193229e-02  -7.0340369e-02  -2.4902118e-01   1.4061818e+00  -1.9515768e-01   2.1282371e-02  -9.1943873e-02  -6.5683073e-01   7.6118811e-03   3.4523227e-02  -2.0983828e-01  -4.0726970e-03  -2.0495285e-02  -5.6588478e-02   1.0984862e-01   5.3475810e-02   3.2528747e-02   9.8893507e-03   1.6443302e-01  -1.4002477e-01   9.4301098e-02  -6.7929903e-02   7.7957398e-02  -7.6996166e-02   3.6754305e-03   9.8543987e-03
  -4.1160554e-02  -2.0612983e-02   7.1563715e-02  -3.2810554e-01   6.8921912e-01  -2.7487084e-01   4.0962423e-02   1.2768207e-01  -5.1746873e-01   4.2866258e-02  -8.6336283e-03  -2.7955055e-02   2.8735781e-01   8.6920484e-02  -6.1689690e-03   1.8395253e-03  -1.1834624e-01  -9.9679406e-02   2.2258814e-02  -2.9622031e-02   9.2931256e-02   8.5459237e-03   1.0703631e-02  -3.8898555e-02   3.4477008e-02  -3.3267266e-02  -3.5610405e-02  -7.1028935e-04
  -1.2669198e-01  -3.1149700e-03   4.2326577e-03   5.2862308e-01  -1.8160915e-02   3.8397643e-01  -5.6457820e-02  -3.0911602e-01  -1.7026711e+00  -1.9491353e-01   1.5613207e-02   1.9417642e-03   3.6449724e+00  -3.1442408e-02   9.1351229e-03  -1.2589156e-01  -2.2660258e+00  -3.9003986e-01  -6.0406823e-03   2.1443704e-01   3.8012752e-01   3.0231387e-01   1.7697246e-01   4.0014305e-02  -8.8709277e-02  -7.0308731e-02   7.4713644e-03  -1.5589545e-02
  -2.1870222e-02   1.2486175e-01   6.3776093e-02  -4.2749271e-01  -1.5497590e-01  -4.5415726e-01   3.0335113e-02   8.8781164e-02   1.8206207e+00   1.5843804e-03   6.6974004e-03  -2.9785226e-03  -1.4961705e+00   1.3062499e-01   1.2060958e-02   3.0805648e-02   4.5387878e-01  -1.6288798e-01  -1.4765684e-02  -3.4090964e-02  -6.7891945e-02   1.2452500e-01   8.1877332e-02   1.4736317e-01  -9.3577300e-02  -5.3489462e-02   6.7621056e-03   4.4665768e-02
  -1.7503584e-01  -5.8762093e-02   4.9703647e-01  -2.9941163e-02  -8.6298655e-05   7.8023265e-02  -8.8727673e-03  -6.3184284e-02   1.3123192e-02   2.3980127e-02  -6.8568244e-02   9.0179115e-02  -1.9399011e-01  -1.4537301e-01  -3.7219679e-02   9.3923191e-02  -1.1609619e-02   2.4064515e-01  -4.1948090e-02  -2.4121234e-01   1.7903875e-01  -1.1387754e-01   4.5064753e-02   1.6541740e-01  -1.4764509e-01   3.3831058e-02  -1.1250837e-02   1.1979735e-02
  -1.7721932e-02   9.0304740e-03   1.3310333e-02  -2.2061381e-02  -4.0841936e-02   3.5820539e-02  -2.2516338e-02   1.8982993e-02   1.2527752e-01   6.0938016e-02   1.1844977e-02   1.0974649e-02  -1.8992609e-01  -3.5147171e-01  -2.3150944e-02  -3.6476868e-03  -3.5014197e-03   7.1249479e-01  -4.9987694e-02   7.2805819e-02   1.1546932e-01  -8.3838927e-01   6.3576875e-01  -1.5708010e-01   2.4146883e-01  -2.3131345e-01  -3.8914192e-03   2.7179264e-02
  -1.0928985e-01   1.0235344e-02  -3.3371028e-01   1.1924909e+00  -1.3204171e-01  -1.3928788e-01   9.3966070e-03  -4.0342903e-01  -2.0675467e-01   1.4130535e-01  -2.2617557e-03   2.0053996e-02  -1.1754970e-01  -7.5241731e-02   1.6400358e-02  -1.0869207e-01   1.6024806e-01   2.9770820e-02   6.5399849e-02   2.2168004e-02  -5.4915853e-02   2.7323634e-02  -1.1241498e-02   1.2545572e-02  -4.4651710e-02   4.2627150e-03   4.0160824e-04   1.1693753e-02
   3.6671989e-02   4.0949432e-02  -1.7596809e-01  -1.8112766e-01  -4.2849334e-02   5.0263954e-01  -1.4888134e-01   1.7988857e-01  -1.5490260e-01  -4.4364653e-01   3.1960016e-02   2.2524510e-02   4.2934941e-01  -2.1606331e-01   5.3575597e-03   2.5785757e-02  -4.2762342e-01   6.0980548e-01  -2.5167904e-02  -8.0269411e-02   1.5783354e-01  -2.9073931e-01   2.6825864e-02  -4.1694803e-02   6.9637053e-02   4.2904721e-03   6.3100069e-03   2.4456323e-01
  -2.6552648e-03   3.7990765e-02  -1.4223605e-02   1.7954228e-02   1.4279749e-02  -2.2733258e-01   1.4816327e-02  -3.1387770e-02   4.3173419e-02   3.2261471e-01  -1.9123775e-03   2.2357383e-02   1.0897246e-01  -9.2440716e-01   1.3187788e-02   2.5772007e-02  -2.9533199e-01   1.3500472e+00  -2.0328640e-02   8.1749493e-02  -3.7984441e-01  -2.9739218e-03  -1.8890854e-01   7.5368901e-02  -1.9565039e-04  -3.5888976e-02   1.7736622e-03   9.2539260e-03
  -8.0011584e-03   1.3039410e-02  -3.4565183e-03  -3.6220878e-03   1.5044852e-02  -2.3657427e-02  -5.7480839e-04   1.9031628e-02   2.5225592e-01   1.0231046e-01  -7.4570702e-04  -8.8934665e-03  -1.3532157e+00  -1.6972273e-01  -1.5603287e-03  -1.2871118e-01   2.3225755e+00  -6.0444933e-02   3.7550127e-02  -1.1460342e-01  -8.3361839e-01  -4.7016131e-02   6.2000517e-02   1.0233983e-01  -9.7257485e-02   1.8603273e-02   8.6556411e-03   4.8816671e-03
   2.4453032e-01   1.0149235e-02  -5.2980140e-02  -2.5157685e-01   3.7462590e-01  -2.6704677e-01   1.6822761e-02   6.6646166e-02  -2.4655725e-01   7.9356369e-02   1.1403889e-02  -9.1556264e-03   2.0843810e-01   4.9475343e-02   1.0620019e-02   7.5578939e-02  -1.6858320e-01  -7.5146247e-02   8.0849577e-02  -1.4779191e-01   1.8428700e-01  -5.2213543e-02   8.3426462e-02  -3.2248044e-02   5.0006151e-02  -2.2602951e-02   1.3893895e-01   1.2678964e-03
  -1.0644732e-01   9.6988578e-04   4.9692468e-02   6.5114541e-01  -7.5669283e-02  -3.4032524e-02  -1.8552712e-03  -6.2795488e-01   1.0118353e-01   1.9840030e-02   4.3211106e-02  -3.8880331e-01   1.3436834e-01  -8.7275342e-03  -1.6669872e-02   3.2062497e-01   2.7071894e-02  -1.3499746e-02  -1.5116067e-02   4.4707128e-03  -1.1475311e-01   2.6225093e-02  -7.4268790e-03  -2.1703068e-02   2.0554857e-02   2.4232399e-03  -2.5229999e-03   2.6468345e-03
  -2.8125270e-03   7.4036695e-04   1.1305493e-02  -2.5575981e-02  -1.6082599e-03   4.2052441e-02   5.2810402e-03   3.7767516e-02   7.4427664e-03  -1.4562782e-01   3.7657083e-03  -2.1527961e-02  -2.2958354e-02   5.0255363e-01  -6.2561853e-03   2.5754599e-02   1.2929011e-01  -1.2751256e+00   6.2872190e-03   3.5409900e-02  -3.6722537e-01   1.3117002e+00  -1.6864049e-01  -5.8631641e-02  -2.5971855e-02  -3.3017265e-03  -1.5251361e-04  -6.3883612e-04
  -4.6331232e-03  -3.2790160e-03   3.1117221e-02  -3.5138220e-02   8.3430788e-02  -4.0283132e-02   4.5770975e-03   5.7962627e-02  -1.3473596e-01   3.9119155e-02   2.0098806e-02  -4.0136960e-02   7.0725589e-02  -5.0755679e-02   1.3493719e-02   3.8674175e-02   8.0244163e-02   6.5089083e-02  -1.8912910e-01  -8.7059958e-02  -1.6193398e-01  -1.4659916e-02   4.4590762e-02   8.7081499e-01  -4.7235185e-01   2.4573996e-03   5.2739472e-03  -6.3451407e-03
  -1.0428687e-02   2.0740082e-03   8.4769533e-03   1.3134983e-01  -4.0869861e-02  -4.8759227e-02  -8.3775201e-04  -1.1211380e-01   1.3471971e-01   8.8902307e-02   7.2243216e-03   1.0704530e-02  -3.0493697e-01  -2.1294423e-01   7.9903636e-03   1.3823181e-02   2.6487013e-01   5.0540908e-01   9.8895070e-02  -7.6513899e-03  -1.3677992e-01  -5.4445941e-01   1.2081732e-01  -4.6355937e-01   7.9839911e-01  -2.5152302e-02   3.7948267e-03  -1.3980187e-02
   2.2542201e-02  -4.2540977e-03   3.0216657e-02  -1.6142485e-01   4.2434102e-02   9.3643266e-03   1.4561419e-03   7.4135999e-02   1.4529284e-02  -2.5642439e-02   9.6855564e-03  -8.5779407e-02  -9.1516640e-02   5.6183204e-02  -3.0923907e-03  -2.5896255e-01   2.7363100e-01  -1.1179536e-01  -1.6768768e-01   8.8176841e-01  -5.0796095e-01   9.2910585e-02  -1.6253185e-02  -2.3297818e-01   1.0349924e-01   2.4687445e-02  -2.2363677e-04   8.6149936e-05
  -1.4448516e-02   5.1539087e-03   4.0209617e-03   1.6039658e-02  -2.0390864e-02   1.5856398e-02  -5.2835317e-03   4.1589723e-02   4.7509080e-02   5.4623608e-03  -2.6839989e-03  -1.4518897e-02   8.6532444e-02  -1.4011322e-01  -3.5907622e-03   3.5109185e-02  -1.0504626e+00   6.0622995e-01  -1.0625015e-03  -1.6162664e-01   1.3567453e+00  -7.4367582e-01   8.0903187e-02  -8.6819487e-02  -7.5693531e-02   5.3510506e-03  -7.0848547e-04  -1.2555398e-03
   1.2924765e-02  -4.1518596e-02  -1.1786064e-01   4.3291604e-02  -1.9674552e-02  -5.0346037e-02   2.2668193e-01  -2.2553490e-02   3.2980514e-02  -2.2250402e-02  -1.1509159e-02   2.8882596e-02  -5.8071365e-02   3.1295000e-02  -2.4303278e-02  -1.3542745e-02   3.6778364e-02  -1.8433821e-02  -9.6055414e-03   1.6749708e-03   7.5026910e-05  -9.1063591e-03   3.2573156e-02   2.1037870e-02  -1.8779314e-02   6.1826714e-03  -1.3770316e-02   1.4066934e-01
  -1.9398498e-01   2.1943326e-01   1.2725928e-02   8.2179848e-02   6.9359810e-02  -2.1832054e-01   1.6776997e-02   2.4466299e-02  -6.3247678e-02   7.8142523e-03  -5.1456983e-03  -2.0515071e-02  -1.0860664e-02   1.5034627e-01  -2.4511607e-03  -3.3154143e-03   6.5884649e-02  -1.7165082e-01  -9.0413972e-04   4.8226924e-03  -1.7584357e-03   2.5515770e-02   1.4551420e-02  -2.0703034e-03   4.2091074e-03   1.7183086e-03   1.0347487e-02   3.0397972e-02
   9.4037482e-03   5.1384324e-03  -1.9828333e-02  -5.7865477e-02   3.0265490e-02  -1.8839659e-02   1.2350695e-03   4.8861906e-02   1.6259343e-02  -1.5594995e-02   3.6178832e-02   3.8597176e-02  -7.1274724e-02   3.8075711e-02  -2.3204941e-03  -9.8061850e-02   3.8624327e-02  -3.9778905e-02  -4.8204123e-01   2.6196179e-01  -2.9907420e-02   5.1172456e-02  -9.1144930e-02   2.0445786e-01  -1.2510820e-01   1.1346519e-03  -5.9154244e-03   2.2573205e-02
  -1.8571285e-02   3.0298703e-03   8.2984709e-02   3.8934891e-02   2.3159796e-02  -2.1061872e-02   5.2805559e-03  -5.3871390e-02  -6.7732512e-03  -1.8760160e-02  -2.5504112e-01  -1.1323080e-02   5.9777353e-02   1.9082503e-02   2.1909842e-02   8.2156397e-02  -2.2583998e-02  -2.8483727e-02   1.0203120e-01   3.9649225e-02  -7.9170847e-02   5.3928686e-02  -3.8392681e-02  -9.4301730e-02   6.7237037e-02  -1.5611024e-02   9.1190277e-03   1.4263808e-02
  -2.6474968e-03  -1.0510266e-02  -5.8459563e-03  -2.1192557e-02   1.8950073e-02   2.0724302e-01  -1.3275128e-02   3.3209569e-02   6.0738085e-02  -7.1019832e-01   5.4203989e-03  -1.4173141e-02  -1.9347390e-01   1.1769132e+00  -1.4203070e-02   3.6918652e-02  -4.6248735e-02  -6.7552858e-01   2.4671937e-02  -4.4786795e-02   6.4027048e-02   1.4232660e-01   3.5973674e-02  -1.9978577e-02   5.4993730e-02  -4.1667980e-02   9.6632600e-04   1.5895898e-02
   1.4806363e-02  -3.1436788e-03   3.7567846e-02  -1.8217765e-01   1.7847310e-02   3.0657443e-02  -2.9197610e-03   2.2369599e-01  -4.5931623e-02  -5.6932597e-02  -1.0471225e-02   1.1695016e-01   5.2070064e-02   5.4148009e-02  -1.2774763e-03  -7.5351624e-01   2.0548730e-01  -2.1098878e-02   4.8003387e-02   4.8938819e-01  -1.4217235e-01  -1.9812813e-02  -8.5614637e-03  -1.4112762e-01   8.9371441e-02   7.4915948e-03   2.4167749e-03   4.7075809e-03
  -1.1818755e-02   4.3734034e-02  -7.3722032e-03   2.9636638e-02   3.9696117e-02  -3.7140243e-01  -3.8474115e-02   1.1198507e-02  -1.1976845e-01   6.8195133e-01   1.0024979e-02  -3.6525665e-02  -8.6508639e-02  -1.4954219e-01  -1.3427268e-02   1.7138005e-02   1.3372760e-01  -1.4237446e-01  -1.4607669e-02   1.1181755e-02  -5.3171748e-02   6.7981728e-02  -2.9117758e-03  -7.0108441e-04  -1.7335403e-02   1.0915560e-02  -1.0023116e-03   6.4629434e-03
  -5.7631781e-03   6.5118822e-03  -1.9689540e-02  -1.5481563e-02  -2.1409954e-02   6.4266136e-02  -4.1153317e-02   1.8787806e-02   2.5116429e-02  -9.1075873e-02  -1.3464656e-02  -7.4413806e-03   1.1721489e-04   5.1788892e-02   2.0921145e-01   1.3567685e-02   3.5536916e-02  -1.7109356e-01   7.9912188e-03  -4.1461670e-02   2.6506158e-02   5.2240465e-02  -5.3346179e-02   4.1817176e-02  -4.2079554e-02   3.3950409e-02  -4.9241234e-03   4.8552563e-02
  -2.7042934e-02   4.1717425e-04   4.6717492e-04   1.9032865e-01  -1.0733267e-02  -1.5667327e-02   4.9070959e-04  -3.3684853e-01   4.0987460e-02   1.4820689e-02   6.8771924e-03   3.0891995e-01  -7.2354284e-02  -1.5014721e-02   2.8854678e-03  -1.6558185e-01   3.2118309e-02   1.4291607e-02  -2.5439676e-03   5.6083111e-02  -9.9486481e-03  -2.3283721e-03  -2.4743791e-04  -6.2892471e-03   3.6923583e-03  -9.6892950e-04  -1.3431566e-03   1.0288871e-05
   4.8724087e-05   5.9042966e-04   8.3922697e-04  -9.7127977e-03   1.4570907e-02  -9.1426968e-03   2.2650825e-04   4.5373164e-03  -1.1097286e-02   1.1851609e-02   1.2724107e-03  -1.6352692e-04   2.0593366e-02  -3.4255159e-02   3.7364696e-03  -5.9782904e-03  -6.1254859e-02   8.4306371e-02  -6.1217168e-03   6.1616813e-03   7.9947020e-02  -8.9052749e-02  -3.3715567e-02   1.1881264e-01  -3.5489584e-01   2.8440236e-01  -1.4548008e-04   2.8798747e-04
