   1.6274748e-02   3.9790213e-01  -1.1709880e-01   1.7501122e-02  -5.7534137e-02   5.6606248e-02  -8.4548477e-02   9.2334364e-02  -2.0500284e-01  -1.0956492e-01   1.1394101e-02  -2.8736366e-01   1.0528390e-01   5.0647848e-02  -3.7311702e-02   3.4097650e-01  -2.0153063e-02   3.0701064e-03   6.8715345e-04  -7.2883313e-02  -1.1690082e-01   8.2513671e-02  -5.0572311e-02  -2.6066986e-02   9.0748247e-02  -2.8537268e-02  -3.0154405e-02  -8.7634190e-03
   4.0231121e-03  -8.9176148e-02   1.9338357e-01  -5.2614121e-03  -3.1145586e-03  -1.0190575e-02   1.3383202e-01   2.0398152e-01  -1.8880800e-01   2.5391669e-02   6.7968679e-02  -8.4395166e-02   2.6422335e-01  -2.0116502e-02   6.3119267e-02   2.4951787e-02  -5.4426806e-02   3.5063144e-02   2.4702888e-01  -2.2671070e-01   4.6993010e-02  -3.3425088e-01   5.6309451e-01  -6.2785088e-02   5.9623187e-01  -3.6574727e-01   2.9510222e-02  -4.0215049e-02
   3.0540102e-02   2.2379848e-01  -1.0674018e-01   8.5870827e-03   1.0149685e-01   3.0370848e-03  -8.4389733e-02  -3.8497237e-01   1.2290372e-01  -1.3377964e-01   1.1701844e-02   3.0191170e-01  -6.7634291e-02   7.0608224e-02  -2.2497610e-02  -1.0668956e-01   1.5478397e-02   1.5822998e-02   1.8105796e-02  -1.4572848e-03   3.3283949e-02  -2.9383697e-02   5.8962672e-03   5.2487638e-03  -3.7668174e-02   2.1695692e-02   1.7204061e-01   3.0518824e-02
   1.8160436e-01  -1.7312122e-01  -2.7200320e-02  -4.5273202e-02   1.6362991e-02   9.0678694e-04   2.5549869e-02  -2.5678271e-02  -1.4271605e-02   3.8131487e-02   6.6089371e-03   3.4528340e-02   8.2260857e-03  -7.6218769e-04  -1.7266548e-03  -2.3747820e-02   8.4434776e-03  -2.6869771e-02  -8.3757228e-03   1.1824047e-02  -5.7581826e-03   1.5415185e-02  -5.7334493e-03  -1.1586439e-03   5.2718126e-03  -4.6998360e-03  -8.6035348e-04  -2.5677354e-02
   1.8879335e-03  -7.4499559e-02   1.8196517e-01   1.5903175e-02   2.3746507e-01   2.1715432e-02   8.0876349e-02   3.9079549e-01  -1.0664127e+00   2.2932624e-01  -9.7663464e-03  -7.5909708e-02  -6.1561873e-04   3.3379864e-03   1.1655389e-02  -1.4552991e-01   3.4246187e-01  -1.0200960e-01   1.1117916e-02   3.5617240e-02  -5.5695027e-02   5.2784732e-02  -7.0358614e-02   1.7571609e-02  -7.4695090e-02   5.4412648e-02   5.1851225e-03  -6.5820462e-02
   1.8477498e-03  -4.2057733e-02   6.1029703e-02   2.6509970e-03   3.8341438e-03   1.0710272e-02   3.9463058e-02   5.7481856e-02  -6.0615000e-02   1.1928269e-01  -4.8807356e-03  -1.7283439e-02   9.4840498e-02  -3.4119982e-02   5.2453278e-02  -2.8543180e-02   7.2161434e-02  -1.8346184e-01   1.3618651e-01  -1.3736105e-02  -3.7662539e-01   7.1143921e-01  -6.9001280e-01   4.0480155e-03  -6.3490892e-02   1.8566076e-01   7.6108977e-03  -5.2882779e-02
   3.8766982e-04  -4.3316319e-02  -2.7421684e-02  -1.5324401e-02   4.5986820e-01  -3.9584775e-02  -4.0230684e-03  -8.1363737e-02  -4.2403868e-01  -2.5711056e-02   2.3439114e-03   8.1479982e-02   1.5948076e-01  -5.1996746e-03   4.2432249e-03  -2.9451131e-02  -3.3142798e-02   2.7938269e-02   1.0736696e-03  -9.5460255e-03   1.4979799e-02  -1.7915961e-02   5.0926708e-03   2.4887947e-02  -4.5313988e-02   2.0630443e-02  -1.1894155e-03   3.0573009e-03
  -1.0123659e-03  -5.1699257e-03   7.0135246e-03  -1.9248985e-03   2.6559025e-02  -6.5069389e-03   3.3602771e-03  -4.3379248e-03  -3.8593744e-02   4.2986616e-02   6.4841359e-03   1.1595762e-01  -6.1391829e-02   1.0650234e-02  -1.6029478e-03  -3.8054760e-01   1.9151366e-01  -3.8769303e-01  -1.2661661e-01   5.3393975e-01  -4.0828491e-01   6.7044481e-01  -1.2267015e-01   7.6948871e-02  -2.4521695e-01   8.3675479e-02   1.0595022e-03   1.9453830e-03
  -8.9000318e-04   2.4253923e-02  -4.8797805e-02   5.6369941e-04  -1.0055300e-02   5.2645224e-04  -2.2655003e-02  -2.2514971e-02   1.1215247e-01  -2.8657841e-02   1.2846622e-03  -1.5008900e-01  -1.8933499e-01   2.7334993e-03  -1.0959580e-03   4.6557397e-01   1.0059198e-01   3.1329489e-02  -3.1257675e-02  -6.2425040e-01   4.6668439e-02   2.1586205e-02  -9.9419585e-02   6.5422228e-01  -3.4993669e-01   1.0417649e-01  -6.8819689e-03   1.1184178e-02
  -5.0737072e-04   5.9566877e-03  -2.8246721e-03  -1.5418924e-03  -2.1268483e-02  -8.1753902e-03  -1.7656590e-03   7.1017842e-03   5.1327962e-02  -4.1246474e-03   7.5465412e-03  -5.6314119e-02   1.6659033e-01   2.5240504e-02   7.1372487e-03   2.7645438e-01  -8.1145806e-01   1.3244120e-02   5.8874551e-02  -4.7459725e-01   9.5054344e-01  -1.5193955e-01   7.7746743e-03   4.5559298e-02  -9.8309487e-02   3.0483717e-02  -1.1531458e-03   5.3868014e-03
  -1.0275429e-03   2.3206726e-03  -8.5122539e-03  -1.6246084e-03   3.8304072e-02  -9.4996703e-03  -5.1254370e-03   2.8812306e-04  -1.8640274e-02   3.3565018e-02   2.7275288e-03   5.3275474e-02  -7.4759183e-01  -1.3666617e-02   9.5420100e-03  -2.2100025e-01   1.5471374e+00  -1.8808547e-01   4.3792264e-02  -2.3631679e-02  -5.6054650e-01   8.4947084e-02  -1.8851356e-02   2.2554033e-02  -1.3053264e-02   8.7460947e-03  -2.6308204e-03   3.1933808e-03
   2.8794040e-03   2.5002868e-02   6.5444736e-02   4.6790713e-03  -9.3912013e-03  -4.3495150e-03  -7.8117413e-02   1.4873113e-01  -1.7233120e-02  -1.3351273e-01  -5.1676539e-02  -4.9666987e-02   4.3704943e-02   1.0953647e-02   8.6597944e-03  -4.5050435e-02  -3.4630840e-02   1.4614773e-01  -6.7954307e-02   5.1922028e-02  -3.9598226e-03  -8.4077866e-02   4.2889557e-02   1.0711654e-02   2.1662278e-02  -1.6753232e-02   1.8978472e-03   2.0852908e-01
  -7.3916346e-04   1.5180900e-02  -4.3272944e-03  -2.8082332e-03   1.4235123e-02  -1.0334718e-02  -6.6371940e-03  -1.5513584e-02  -7.5512820e-03  -1.6964800e-01   9.4433592e-04   1.1645801e-01  -9.5215331e-02   3.3104783e-02  -2.8567912e-02  -1.5930566e-01  -1.6345186e-01   6.3083089e-01   2.7000217e-02   3.9084294e-02   1.1397495e-01  -2.9820595e-01  -2.4772758e-02  -4.3395160e-03  -5.0800166e-03   1.7924284e-02  -8.9262997e-04   4.3916295e-03
   5.6162704e-04  -5.0129793e-03   1.4053945e-03  -3.3000658e-03   2.7927353e-02  -2.3810075e-03   5.0440861e-04   1.9045912e-02  -1.1675669e-01   7.0251274e-04  -3.8405208e-02  -2.8546078e-02   1.4484077e-01   8.3064124e-03   8.3084397e-03   1.8276451e-02  -8.4537013e-02   7.3287761e-04   5.1190888e-01  -3.3210007e-01   1.7225731e-01  -4.5903867e-02   3.1770979e-02  -1.7543958e-01   9.2465260e-02  -2.4330713e-02   2.7385241e-03  -6.8910541e-03
   2.5482681e-02  -3.4420309e-02  -1.4053727e-01   3.4549421e-02   1.5106979e-02  -6.8772634e-04   8.5579967e-03   3.4746030e-01  -1.9738157e-01   4.1381787e-03   2.9386017e-02  -1.7092559e-01   2.7446235e-02  -1.0137044e-03   9.0778883e-03   3.6399888e-03   3.4714601e-02   1.8157837e-02  -1.1525946e-02   1.2835839e-02  -1.7726213e-02  -1.0815288e-02   2.4245295e-03   4.6857088e-03   2.6900353e-03  -2.6054307e-03  -1.0268650e-02   3.2233331e-03
   1.5114743e-03   1.1806226e-03  -1.4034981e-03   3.0138698e-03   1.1911357e-02   5.6320981e-04  -2.4860193e-03   1.1310942e-01  -9.6262362e-04   2.1881000e-02  -2.0929989e-02  -6.2939781e-01  -1.9288603e-02  -4.6053466e-03  -2.6156996e-03   1.0668824e+00  -1.6094572e-01  -3.8226244e-02  -2.6179226e-02  -4.0803769e-01   4.6912677e-02   1.3557474e-02   1.9874088e-03   3.5645702e-02  -1.1191363e-02   2.7509882e-03   1.1680038e-03  -5.8669331e-03
  -8.9129465e-04   4.8806279e-03  -2.4967667e-03   8.6931326e-04  -7.8498459e-03   6.9224869e-04   2.4386526e-03  -3.0376799e-02  -2.5961226e-02  -2.2807707e-02  -2.8148416e-03   1.7185216e-01   1.0875927e-02   6.2171060e-03   3.0044541e-03  -4.7251202e-01  -2.6627333e-02   2.0595696e-01  -1.0359615e-01   6.1085138e-01  -4.4120395e-03  -3.2851931e-01   2.6984045e-03   1.5080601e-02  -9.5642805e-02   7.4829396e-02  -1.8094201e-04  -1.2332939e-03
   2.2497065e-03  -1.9913687e-02   8.1331347e-02   6.5476767e-04   2.7136690e-03  -1.8191880e-03   1.0842376e-03   1.5750921e-01  -2.4668694e-02  -1.2842179e-03  -2.4149116e-01  -1.2194582e-01  -3.2784634e-02   5.0984520e-03   1.6423225e-02   1.7074899e-01  -2.4462883e-02   1.6169649e-02   1.1398938e-01  -9.8975340e-02   2.4464949e-02  -1.5184634e-02  -6.2758108e-03  -5.0272996e-02   5.0624919e-02  -1.7477095e-02   4.2713167e-03   6.0699050e-03
   1.7446574e-05   6.4189637e-03  -1.0375505e-02   7.0248484e-04  -6.5841555e-03   1.8938473e-03  -4.1038006e-03  -8.6419782e-03   1.6786912e-02  -1.5452970e-02  -9.7350914e-04   1.2451610e-03  -3.7410455e-02  -1.9247321e-03   6.5378325e-03  -1.9629660e-02   3.2409801e-02   1.1721262e-01   1.9994664e-02   3.5325315e-02   4.7481201e-03  -1.7198378e-01  -1.0170417e-01  -3.2389277e-02  -2.2262546e-01   4.0899236e-01  -1.0726643e-03   3.9098940e-04
  -1.6562151e-03   8.6563066e-03  -2.3173832e-02  -3.0697022e-03   4.3186879e-02  -3.6983375e-03  -1.0958497e-02  -3.4479705e-02   2.0745619e-03  -1.1874028e-02  -6.1463013e-03   4.5991607e-02  -1.3711524e-01   8.5316309e-03  -2.2034398e-03  -1.2572467e-01   2.1230646e-01  -5.7885517e-02   5.2200022e-02   1.6022090e-01  -2.1053139e-01   1.0990714e-01   3.2222213e-03  -5.1452768e-01   9.4606605e-01  -4.4581530e-01  -2.2633335e-03   6.5381987e-04
   1.1638828e-02  -3.0226268e-02  -4.9298130e-03   1.7317692e-01  -4.2120327e-02  -1.4518150e-02   6.1687183e-03  -2.8696144e-01   7.1152610e-02   1.5807283e-02   3.0460179e-03   1.7188592e-01  -1.8253814e-02  -1.8032005e-04   7.3235648e-04  -7.4218725e-02   3.5731065e-03  -8.8436337e-03   4.1784902e-03   1.8290678e-02   1.7221152e-03   2.9366435e-03   4.2737133e-04  -5.9991433e-03   3.6107637e-03  -1.2532289e-03  -5.8202194e-03  -5.9175011e-03
   1.0274337e-03  -2.9606205e-02   3.0772246e-02  -4.8716804e-04   9.4800597e-03  -2.9895459e-03   8.6049067e-02   3.0107532e-02  -3.8188483e-02   2.7440759e-02   2.1059368e-02  -1.6109000e-02   1.0645545e-03   4.4129955e-03  -2.0971626e-01   1.5647800e-02  -3.6144522e-02   9.3200781e-02  -7.3371122e-03  -1.2129239e-02   3.2799846e-02  -7.7464760e-02   7.7055672e-02  -7.8253535e-03   3.2220356e-02  -3.0237725e-02   3.2509281e-04  -5.4502264e-02
  -1.9148250e-03   1.2283437e-02  -8.2266781e-03   2.2490090e-03   1.6640283e-02   3.1219263e-02  -1.3817995e-01  -1.6944094e-02  -2.4254315e-01   3.8561753e-01   3.7053995e-03   5.2618983e-02  -4.1548698e-03  -1.1265016e-02   5.1371415e-03  -3.5026600e-02   5.4564492e-02  -1.6362662e-01  -8.4685992e-03   6.3409450e-03  -1.6990163e-03   4.6083839e-02   6.7741034e-03   3.1229536e-03   3.0807983e-03  -4.4715067e-03   2.5433660e-03   1.8486848e-02
  -5.8877631e-06   4.5967623e-04   9.4914854e-05   2.7450513e-03   1.0581896e-01   6.1200074e-03   2.1808240e-03   5.1200898e-02  -5.5361892e-01   2.1814824e-03  -2.6433247e-03  -1.0220638e-01   7.7948573e-01   6.1215473e-03  -3.6030345e-04   8.1774875e-02  -4.3792324e-01  -2.1502355e-02  -1.2123192e-02  -5.1204680e-03   7.3791771e-02   2.2655385e-02  -6.1402143e-03  -1.6907695e-03   1.1916289e-02  -8.8736636e-03  -9.4459400e-04   1.6733001e-03
  -1.7143427e-03   9.7642720e-03  -2.1011817e-02  -6.3782587e-03  -2.0699029e-03   1.2430314e-03  -3.0093814e-03  -1.9173849e-01  -3.5787392e-02   8.9797270e-03  -5.1294514e-03   6.5114607e-01  -7.7189944e-02  -3.9931891e-03  -1.0090566e-03  -4.5526496e-01   3.5492815e-02  -1.1782379e-02  -1.2893241e-02   1.2444018e-01  -1.0154597e-02   2.1272436e-02  -7.9346818e-03   9.9356394e-04  -8.7718701e-03   3.7925719e-03  -7.7133134e-05  -6.7073339e-03
  -4.1407583e-04  -1.3919129e-02  -7.2518983e-02  -9.2157554e-04  -8.1837302e-03  -1.0381605e-02   1.5426940e-01  -4.5343108e-02   2.6057902e-02  -6.7809731e-03  -3.8277525e-02   3.6663244e-03  -4.7628050e-03   5.8167919e-03   8.0108589e-03   2.1343787e-02  -9.6204052e-04  -1.0735761e-02   9.4418695e-03  -5.7066496e-03   9.0218229e-04   3.8301588e-03   5.7155692e-04  -3.8632271e-03  -2.8230301e-03   1.4874919e-03  -3.5080846e-03   1.3239845e-01
  -4.2740141e-05  -6.7403811e-03  -2.7401438e-03  -3.5992190e-03   5.9840386e-02  -3.7682479e-03   3.0163593e-03   5.6098821e-03  -3.8408084e-02  -8.9759839e-02   2.2339899e-03  -1.8039251e-02  -1.2009075e-02   2.0373997e-01   3.1606284e-03   2.8179975e-02   9.4426914e-03  -1.7156673e-01  -7.5089781e-03  -1.5209790e-02   9.7530675e-03   4.0960790e-02   7.0833618e-04   2.5645398e-02  -4.4804745e-02   2.0255524e-02  -1.1569938e-03  -6.8667767e-04
  -7.7082749e-04  -1.4740591e-02  -7.0206804e-04  -4.8610188e-05  -3.5737959e-02   1.9012009e-01  -2.2390426e-02  -5.8803301e-03   1.8276012e-03  -1.7139865e-01   1.3246503e-03   4.7875219e-03   1.9253314e-02   1.2308789e-02   5.8481659e-03   1.5008397e-04  -1.4720873e-02   4.8156504e-02  -3.7628879e-03   3.1929522e-03   1.5382471e-03  -2.0038703e-02  -1.1689970e-03   4.6095234e-03  -8.7447912e-03   5.7952222e-03   5.9399526e-04   5.8430508e-04
