  -1.1846302e-01  -2.0760738e-01   3.3315676e-02  -1.8473706e-01   1.7309198e-01  -5.4301071e-02   4.1482836e-02   1.5276766e-01   8.4757830e-02  -9.4851443e-03   2.9868882e-02   4.8113966e-03  -1.1258419e-01   5.2895695e-02   1.4766157e-02   1.3610305e-02  -4.6963335e-02   7.7368719e-02   9.0236587e-03  -9.6730695e-02   5.9039685e-02  -1.0551300e-01   1.5197504e-02  -3.5482480e-02   1.0070836e-01  -3.3027732e-02   7.7172532e-02   1.5495956e-02
  -2.2125820e-03  -8.3584560e-03  -1.7128160e-02   2.9962311e-02  -7.9119473e-02  -2.5329023e-02  -2.7539118e-02  -1.6263161e-01  -5.5904873e-03  -6.3001533e-03  -1.0371221e-02   7.1063986e-03   5.5930640e-01  -1.9965382e-01  -1.9439646e-02   2.0327149e-01  -4.8657111e-02   1.8514767e-01  -1.2651504e-01   6.9385180e-02   1.4377693e-01  -6.2111492e-02  -6.0490071e-02   8.1716520e-02  -2.5546281e-01   9.7990927e-02  -6.9226101e-03  -3.9518232e-02
  -2.1369535e-02  -2.9097920e-02  -1.3362785e-02  -3.2044841e-03   4.7703026e-01  -1.8822214e-02  -1.4597002e-02  -1.1797645e-01  -3.3376069e-01  -1.0982600e-01  -8.1002369e-04   1.9017655e-02   6.3413106e-02   1.7038583e-01  -8.4719950e-04   7.4495291e-02   3.9400538e-02  -1.9253965e-01  -8.2120947e-03  -5.5995117e-02  -1.2398461e-02   9.4288824e-02   2.0104480e-03  -1.1487208e-02   4.2300798e-02  -2.9630356e-02  -2.1694802e-03   5.3485075e-03
   1.4651981e-01   4.8700274e-02  -1.7334041e-02  -3.9797016e-02   2.4753452e-02   9.7637525e-03  -1.5374000e-02   4.1665205e-03   4.7527934e-03  -3.0041444e-02  -1.2134930e-02   6.2020435e-02   4.3147516e-02  -1.7722694e-02  -5.9573685e-03  -1.5367283e-01  -3.6660230e-02   8.2822695e-02  -2.6924920e-02   9.8195877e-02   1.2992753e-02  -8.9774637e-03  -2.0843012e-02   1.2341660e-02  -3.3227605e-02   1.2914831e-02   1.5771017e-01   6.0749357e-02
  -4.5073284e-03   2.3723819e-03  -1.4768039e-02  -1.5217818e-03  -5.7147398e-03  -1.7877033e-02  -1.1552480e-02   7.8679292e-03  -1.6559925e-02  -1.3390979e-02  -5.6297462e-03  -2.4525510e-02   2.1689603e-02   1.5992785e-01   2.1808553e-01  -2.5325438e-03   3.4034622e-02  -3.7666259e-01  -4.0106412e-02   8.4889038e-02  -2.4328830e-02   1.3118599e-01  -2.4559208e-02   1.7857828e-02  -2.9351132e-02   1.4419900e-02  -3.6517352e-03   4.8107605e-02
  -2.7112249e-02  -2.8519932e-02   1.3323206e-02   5.2250741e-03  -2.6690042e-02  -3.5886278e-03   5.9312229e-03   9.6536273e-02   3.0075283e-02  -2.2450396e-02  -4.3435013e-03  -8.3972169e-02  -4.6159624e-02  -1.1533173e-01   1.0794760e-02  -4.0604051e-02   1.8483586e-02   3.2930958e-01  -2.5762851e-02  -4.2581415e-02   5.9421606e-02  -1.4765130e-01   1.2488372e-02  -1.5863419e-02   9.4944964e-03   6.2442881e-04  -4.5801599e-02   2.4761787e-01
   3.6600242e-03  -3.4772418e-03  -2.0862567e-03  -5.2331049e-03  -8.1196417e-03   4.2715719e-03   5.5641243e-03  -1.1293409e-02   2.5893206e-02   2.3700632e-02  -2.9830364e-03   6.0780851e-02  -1.2236617e-01  -8.2797799e-02  -4.9754074e-03   3.7931705e-02   1.7923461e-01   1.5969110e-01  -4.0152922e-02  -8.6808762e-02  -2.0464344e-01  -6.3423154e-02  -1.6127865e-02  -1.9536728e-01   7.2442597e-01  -1.9618933e-01   2.8043609e-03  -2.1179853e-03
   1.2264150e-02   1.0294565e-03   9.4094055e-03  -1.3080667e-04   1.8907058e-03   1.8344776e-03   1.8033159e-03   1.3600710e-02   5.0310003e-02  -1.2184334e-02  -3.7872089e-03  -4.0220455e-02  -1.1870809e-01   1.2192175e-01  -2.7136736e-04  -1.6490262e-01  -1.4756571e-01  -2.4998021e-01  -9.4167067e-02   6.2195069e-01  -5.7681556e-02   1.3111102e-01  -1.1058661e-03   1.0334874e-01  -1.2479042e-01   2.2145114e-02   6.1717236e-03  -1.8156818e-02
  -4.8004494e-02  -1.9212033e-02   2.6784765e-01  -5.9875732e-02   1.0601092e-02  -2.5751701e-02  -2.7349478e-02   1.2867711e-01  -2.8688037e-02  -2.3704294e-03  -5.8653544e-03  -9.5227286e-02   2.4174324e-02   5.8565065e-02  -9.3288300e-03  -2.4889991e-02  -5.2460145e-02  -1.1400018e-01  -3.1253071e-02   6.2545712e-02   3.5998020e-02   6.1031440e-02  -1.1981516e-02   1.2612698e-02  -2.7615095e-02   1.1112582e-02  -4.6947874e-03  -1.3021529e-01
   5.2328616e-03  -9.9187683e-03   1.0556900e-02  -1.5562535e-03   1.8961276e-02  -7.8346326e-04   3.8297970e-03  -2.7932999e-02  -1.1494331e-02   1.8834755e-02  -5.8798694e-03   7.6079234e-02  -5.1829500e-02  -4.6664672e-02  -4.0690271e-04  -5.7243010e-03   1.2776593e-01   3.2614891e-02   4.0795099e-01  -4.0807516e-01   9.0429918e-02   1.5670516e-02  -3.6797272e-03   8.8029433e-03  -4.0687650e-02   1.2290604e-02   5.5339608e-03  -3.1130421e-02
   6.2163739e-04   4.8626388e-04  -4.4918728e-04  -3.7962527e-04   1.7424966e-02   1.8702328e-04   4.1905991e-03   2.6399240e-03  -1.3285012e-02  -7.1618403e-03   1.8123002e-03  -1.6224924e-02   3.1623007e-02   7.5691390e-02  -1.0686191e-03   7.4585303e-02  -1.0623398e-02  -3.8761101e-01   2.8986254e-03  -1.2079176e-01  -1.2201894e-01   5.4145964e-01  -1.6044817e-02   2.2117456e-02  -2.6402608e-01   1.8414548e-01   5.7780882e-04   9.1837839e-03
  -7.5498382e-04   3.7043717e-03   2.4788088e-03  -6.3921542e-03  -6.6962493e-03  -2.3073429e-03  -5.7032965e-04   1.5709666e-02   1.2378498e-02   2.8588229e-03  -2.5678075e-03  -1.0651516e-02  -1.5725188e-02  -3.0818611e-02  -7.4790938e-03  -7.6996464e-03  -1.7595475e-02   1.5286004e-01  -4.3459167e-02   6.0128178e-02   1.1538788e-01  -3.8515474e-01   2.6820035e-01   1.3729062e-02   1.0343795e-02  -2.8524746e-02   3.9973112e-03   9.9167642e-03
  -1.3903181e-02  -4.1154328e-02  -2.2886525e-03  -6.9226702e-03  -7.2765694e-02   2.9072990e-01  -9.5670973e-03   1.1966376e-02  -3.3363510e-02  -7.4098473e-02  -2.8241338e-03  -1.5772577e-02  -1.7200698e-02   4.8607805e-02  -3.4937962e-03   7.6421465e-03   1.7678745e-02  -1.1499835e-01  -1.0809377e-02   1.4804568e-02   1.2388111e-02   3.8919103e-02   1.3003551e-03   3.0164724e-03  -6.0360760e-04  -1.4211894e-03  -4.5347520e-03   3.4659840e-02
  -2.9035852e-02  -4.5512458e-02  -3.7225512e-02  -7.9131148e-03  -6.4138808e-03  -4.0707447e-02   2.6853295e-01   5.4760630e-03  -2.6852917e-02   4.7239058e-02  -1.7913385e-02  -5.0061870e-02   4.7332201e-02   3.2289199e-02  -1.3629050e-02   1.8135266e-04   9.1641190e-03  -1.6761036e-01  -2.3359351e-02   6.8094573e-02  -2.2851092e-02   8.0844376e-02  -1.1105652e-03   1.1293267e-02  -1.3085749e-02   3.3193679e-03  -1.4110253e-02   1.4776593e-01
   6.0581344e-03  -1.1769977e-02  -5.8260327e-02  -9.2755755e-02  -2.4047939e-02  -2.1369465e-02  -1.0541196e-02   7.3009010e-01  -1.5531096e-01   1.1694149e-02  -8.3818521e-05  -3.0600015e-01  -6.8938201e-02   1.8319652e-02  -5.1502883e-03  -5.2993484e-02   2.3179578e-04   1.2675641e-02  -9.5795719e-03   1.3658857e-02   6.8012641e-02  -1.3397376e-02  -1.9438653e-03   7.2832455e-04  -7.3027879e-03   2.8038111e-03  -3.8195671e-03  -4.3081849e-02
   2.6245206e-03   1.7988592e-03  -1.0391642e-02   6.5229473e-03  -9.1982864e-03  -4.1565444e-03  -2.9535922e-02  -6.5740184e-03  -6.2098044e-03   3.5234766e-03   2.1462939e-01  -9.0063816e-02   8.7271717e-02  -7.2502278e-03  -8.5132699e-03  -7.2845788e-02   1.4286235e-03  -6.0356093e-02  -7.2544614e-02   8.0893737e-02  -2.9444618e-02   5.3454388e-02  -1.9105442e-03   4.7446568e-03   7.9652512e-03  -4.1197963e-03  -3.8037400e-03  -4.7535782e-02
   1.9287357e-03   2.4303641e-03  -7.8512227e-03   1.0037528e-02  -1.3107369e-01  -2.6727218e-02  -7.5050265e-03  -1.5804350e-01   8.2382489e-01  -4.7079265e-02  -2.0519731e-03   4.9609065e-02  -8.2639068e-01   4.9554784e-03  -9.9867355e-04   4.4577476e-02   2.9102421e-01   5.4661544e-02   1.1576415e-03  -4.2727068e-02   2.0867098e-03  -3.8686750e-02   3.5558310e-03  -3.8748014e-03   1.6224644e-02  -8.9859474e-03  -2.4778657e-03   7.5466031e-03
  -2.5173894e-03   3.2078665e-06  -6.3254072e-03   2.8629639e-03   4.3246709e-02  -3.8390353e-03  -5.7068222e-03  -2.4124994e-02  -1.4465715e-02  -3.3544961e-03   1.1586993e-03   9.5032503e-03  -3.9413207e-02  -2.1423253e-02   6.4045552e-05  -4.4569015e-02   2.4119664e-02   1.8815243e-01   6.2239912e-03   8.6751193e-02   1.0624684e-01  -3.7819710e-01   3.5032366e-02   5.0868710e-02  -2.2604117e-01   1.9710225e-01  -2.5063395e-04   1.3254214e-03
  -1.3969276e-01   1.4463954e-01  -4.5244690e-03  -6.9550221e-02   8.2839344e-04   2.0063250e-02  -3.8877943e-03   8.8516658e-02   5.7949635e-03  -1.0436299e-02  -6.5283249e-04  -2.4854385e-02   3.3172773e-03  -5.0545171e-03  -5.3283114e-04   6.5676497e-03   1.1075463e-02  -1.9001049e-02  -5.6608421e-04  -8.6394964e-04  -1.5331991e-02   1.5524193e-02   1.6992552e-03   5.3587861e-04   3.6982736e-03  -2.0973821e-03   1.3218503e-02   6.6128029e-02
  -6.3877118e-04   4.8302066e-03   3.8795757e-03  -7.9289017e-03   7.3849813e-03   2.6580599e-03   6.6925717e-03   6.0246754e-02   3.1210457e-02  -3.1483118e-03   3.6992612e-03  -6.3464676e-02  -1.9839686e-01   8.0888759e-02   3.7911284e-03  -8.1790935e-03   4.0759971e-02  -1.7363528e-01   3.7914282e-02  -2.4821117e-01   5.2231853e-01  -8.9984323e-02   2.0007104e-02  -2.7457260e-02  -6.7600353e-03  -1.2637064e-02   4.2495547e-03  -5.3238851e-03
  -1.7747477e-02  -2.0099541e-02  -4.3513902e-03   2.9418608e-01  -4.3704155e-02  -1.3053082e-02  -1.5985282e-05  -2.7877274e-01   3.0017827e-03   6.8751227e-04  -1.2596534e-03   5.0853539e-02   3.1938527e-02   1.2648047e-02  -3.1493841e-06   1.1482004e-02  -9.2068582e-03  -2.7648764e-02  -1.3583858e-03   4.9949647e-03   1.9106018e-03   1.3650807e-02  -2.0657874e-04   3.1416283e-03  -7.3393830e-03   2.3438040e-03  -2.6087226e-03  -1.8327053e-02
  -7.1963439e-03   3.3602389e-03  -2.0741010e-03  -1.2652352e-03   2.2989803e-02  -7.8969700e-03  -1.1856749e-03   3.7812569e-02   3.3020811e-03   4.1071847e-02  -3.8453907e-03  -4.2111568e-02  -2.0099333e-01  -2.7722773e-01  -7.8138242e-03  -3.2256177e-02  -4.9352195e-02   8.3663379e-01  -1.9143266e-02   8.9428659e-02  -2.1236160e-02  -3.1312724e-01  -3.9103399e-02   7.7378753e-03  -4.6830567e-03   6.7942756e-03  -1.4442076e-04   1.2074414e-02
   2.8622884e-04  -1.5634101e-03   1.9779651e-04  -4.2634152e-03   8.9752795e-04   1.4389667e-03   2.5585161e-03  -4.5890507e-03   7.9837596e-03   1.1938777e-02   6.4842194e-03   3.3424367e-02  -6.6135437e-02  -2.4551332e-02  -7.0143120e-04   5.7681814e-02   8.7144237e-02   2.1867633e-02  -2.0649379e-02  -1.7199898e-01  -2.0242159e-02   1.2581961e-02  -4.0381134e-03   2.2037740e-01  -1.4123085e-01   3.5543770e-02   1.3105418e-03  -2.4474677e-03
  -1.3325354e-03  -4.3164841e-04  -2.8177909e-03   3.2529832e-03   6.0435299e-04  -8.0085728e-02  -1.9871521e-02  -1.9341985e-02  -7.9055363e-02   4.0463101e-01  -8.4200507e-04  -1.0925080e-02   1.7301348e-02  -2.6690912e-01  -4.2713964e-03   1.3776661e-02   3.0039691e-02   1.7155656e-02   2.2515280e-03  -1.6129147e-02   8.6702911e-03   8.5454647e-03  -4.3897168e-04  -1.5633390e-03   8.6416929e-03  -4.2523545e-03  -1.4192934e-03   1.3487115e-02
   2.2302712e-03   8.5353706e-04  -1.8407259e-03   3.8299128e-03   2.4684862e-03   2.0084930e-03  -1.0640332e-02   7.1121956e-04  -1.7374861e-02  -1.8373174e-01  -2.7809785e-03  -9.1958740e-04  -7.6367932e-02   6.1277916e-01  -6.9222091e-03  -9.3716969e-03   1.5212440e-03  -4.5968342e-01  -5.7063819e-03   2.3495278e-02   3.0849472e-02   9.8817816e-02   6.6800869e-03   3.2735642e-03  -1.3730066e-02   4.8482639e-03  -5.3514933e-04   5.7505108e-03
  -1.5059302e-03   1.9401684e-04  -6.3213915e-03   1.2701313e-02   2.9955261e-02  -2.2211240e-03  -1.9695800e-03  -1.9488350e-01   2.1405021e-03   9.8487997e-03   1.0217949e-03   4.3187846e-01  -1.8714963e-01   1.4564637e-02  -5.3094713e-04  -2.8162835e-02  -4.6775260e-02  -1.8922876e-02   2.1643804e-04  -1.0620047e-01   8.9929349e-02   7.5840992e-03  -2.2100960e-04  -1.0087232e-02   1.4561132e-02  -6.2698933e-03  -4.5805144e-04  -4.0280589e-03
   1.8484739e-03   6.5867691e-04   1.0839271e-04  -9.8876346e-04  -9.8221699e-03  -9.6964311e-04  -2.3785604e-03   5.4524090e-02   2.0311728e-02   7.6711862e-04  -3.9507893e-03  -2.5211211e-01   8.9279027e-03   1.6162290e-02   2.3937256e-07   4.0319711e-01  -7.4774231e-02  -4.7858702e-02  -3.3503147e-04  -1.7534369e-01   3.5018416e-02   1.7986709e-02   2.5087554e-03  -6.0826197e-03   1.7747538e-02  -6.6972272e-03   4.0642220e-04  -3.0741145e-03
   3.7239326e-04  -6.1087233e-04   2.4667109e-03  -2.3480878e-03   2.6023666e-03  -8.3053035e-04  -8.1207509e-04   3.6438108e-02   3.7071663e-02   1.0790688e-03  -1.5072111e-04  -4.3462142e-02  -2.9986287e-01   3.6014529e-02   1.3528423e-03  -3.2791793e-02   5.6709288e-01  -1.3055340e-01   1.9800271e-05   2.5948601e-02  -2.7242790e-01   5.0342934e-02   3.2625506e-03  -5.3762015e-04   2.3803491e-02  -5.5436366e-03   3.9365672e-05  -3.7632384e-03
