   9.4449550e-02   3.9146362e-01  -2.5352587e-01   6.5794257e-02  -2.0907476e-01   2.1491109e-01  -1.3774315e-01   1.2794515e-01   7.6004184e-02  -1.2823643e-01   6.3905994e-03  -4.6271521e-02  -1.8473648e-01  -7.5265869e-02  -3.6635554e-02   1.4229956e-01   7.1450749e-02  -3.3807301e-01  -4.0904645e-02   1.0421607e-01  -1.5645469e-01   5.7489401e-01  -6.7732076e-02   8.3416788e-02  -1.7029699e-01  -2.5304266e-02   4.4908279e-03  -1.2309518e-01
   4.4458376e-02   5.1879707e-02  -1.1670959e-02  -8.8933657e-03  -2.4660356e-01  -7.7025405e-01   1.8399162e-01  -6.0021586e-02   1.8922733e+00   4.4045922e-02  -1.2095837e-02  -3.8441971e-01  -5.4813754e-01  -3.2577209e-01  -2.3116024e-02   1.3976897e-01   6.9131371e-03   1.8563089e-01  -2.3061543e-02   6.0648754e-02  -4.1551187e-02   4.6209679e-02  -3.7413550e-02   3.8207147e-02  -6.2631280e-02  -2.9572088e-02   4.2463489e-02  -2.6664205e-02
   8.6876330e-03   2.9902104e-04   4.5205755e-03  -1.4591063e-02   2.2423673e-02  -2.6380696e-03   1.8282192e-02  -2.1201338e-02  -1.4255944e-02  -4.6824852e-02  -1.1871193e-02   1.8382830e-02   8.8978920e-02   5.5859927e-02  -5.1112222e-03  -1.1826347e-01  -4.2547955e-02  -4.1891607e-02   3.5085823e-01  -1.3822753e-02  -2.9263788e-02   6.9932454e-02  -2.0852461e-02  -2.3807280e-01   2.2581721e-01  -6.8024566e-02   1.3828223e-02  -1.6194759e-02
  -3.1607250e-03  -8.1245762e-03  -6.6714425e-02   7.2332324e-04   1.6580263e-03  -2.9969174e-02   4.6686168e-03  -8.2021730e-03  -7.0437658e-01   2.7417845e-01   7.7840628e-02   1.6513590e+00  -1.6477896e-01  -1.3025454e-01  -1.1764901e-02  -7.4473208e-01  -2.4731502e-03   8.2866848e-02  -1.2569430e-01  -2.0696796e-02  -1.3380302e-02   2.3833009e-01  -1.3583628e-01   4.0842563e-02  -1.2699568e-03  -1.6541384e-02   5.5455709e-03  -5.3844566e-02
  -5.8906930e-03  -4.8248283e-03  -1.0275753e-03   9.5074153e-03   2.6982321e-02   1.0721354e-01   2.4767390e-02  -1.5816825e-03  -1.4224039e-02  -2.0831857e-01  -7.5804231e-03  -1.1364128e-01   1.6975881e-01   2.1511664e-02  -6.8457092e-03   4.9159126e-02  -1.5460191e-01   1.7157647e-01   5.6141064e-03   2.9957139e-02  -1.1584921e-01  -1.2272767e-01  -2.4788972e-02  -6.5238827e-02   6.8531701e-01  -3.1393822e-01  -1.5181612e-05   8.8545095e-03
  -2.0039969e-02  -1.1974609e-02  -6.0526230e-03  -6.9647526e-03   5.8369697e-01  -2.9446972e-01   2.4329717e-02  -5.9793107e-02  -5.3279544e-01   1.2810840e-01  -2.4502669e-04   4.4436778e-02   1.4975056e-01   5.0459698e-03  -8.0026997e-04  -3.6421013e-02   1.0608001e-01  -3.5511156e-02   7.0077498e-03  -5.3896473e-03  -4.2588109e-02  -2.1418687e-03   6.0915542e-03   7.7939676e-03  -1.4264811e-02   5.7921167e-03  -5.3909107e-03  -1.0689373e-02
   1.3078696e-02   7.8171236e-03  -1.7468665e-02  -4.3197951e-03  -2.3115464e-02   5.1240921e-02  -6.1076410e-02  -2.2870429e-02   5.8522834e-02  -3.0144592e-02   1.8166693e-01  -1.7340654e-01   4.6942031e-02  -4.4655967e-03  -1.1403643e-02   4.4684866e-02  -4.9452432e-04  -6.2601322e-03  -3.5380639e-02  -1.0384803e-02   4.4690691e-03   7.1262192e-03   1.2943017e-03   1.3194464e-02  -1.6981956e-02   1.0636551e-02   4.9511223e-03  -4.4386863e-02
  -4.4880009e-02   1.7434311e-02   1.3827728e-01   6.1260720e-04   4.1290076e-02  -9.0702718e-03  -1.7745128e-01  -6.5016593e-02  -4.0920488e-02   1.9003057e-01  -1.7645807e-02  -7.6508443e-02   1.3483664e-02   3.8257389e-02   3.0691733e-02  -6.7991822e-02  -5.0641378e-03   4.6778943e-02  -2.2847515e-03   1.7513151e-02  -4.2667369e-02  -1.6445840e-02   1.4829635e-02  -4.7194696e-03   1.0606222e-02   8.6460040e-03   7.9633415e-03   2.6747156e-01
   5.1652978e-03  -5.6994128e-03  -1.3201234e-02  -9.9631058e-03   6.7860830e-03  -3.5625896e-03   4.0929484e-02  -6.2432431e-03   6.5814749e-02  -4.9317851e-02   2.2350831e-03   8.3235777e-03  -6.3570086e-02   3.2504767e-02  -1.6825196e-02  -2.3544856e-03  -3.0062604e-02   9.5981278e-02  -5.9483625e-02   1.5128305e-03   2.4726836e-01  -4.5034011e-01   4.3423024e-01   3.8215738e-02   4.3551279e-02  -1.7352463e-01   8.7546862e-03   4.4706693e-02
  -1.2953054e-02  -8.8956392e-02  -1.9972402e-02  -2.0049856e-03  -3.5446200e-01   1.2261432e+00  -2.2862182e-01   8.9183919e-03  -2.2828092e-02  -3.0634409e-01  -7.6203785e-03  -9.0011270e-02   6.9911403e-02  -2.9575777e-01   4.1810324e-03   4.5884058e-03  -7.5631318e-03   1.6264391e-01   5.1993688e-04   2.6860713e-02  -8.4971500e-02   7.4851715e-02  -2.8711173e-02  -1.4658370e-02   3.3349868e-02  -2.1843817e-02  -2.7933967e-03   6.8532353e-02
   2.0761546e-02  -2.1931737e-02   1.3480723e-02  -1.8239115e-02   1.0823533e-01   3.0822298e-01  -3.9642757e-02  -3.3567436e-02  -1.0501768e+00  -2.6439200e-02  -1.0470631e-02  -1.7896249e-01   1.2706593e+00  -2.5350728e-01  -5.2700067e-03   1.0061502e-01   5.7119232e-03   1.1221995e-01  -1.7156258e-02   3.0554951e-02  -2.9239250e-01   3.7554996e-02  -1.3370644e-02   1.0767615e-02  -1.9892384e-02   1.0951796e-02   1.0708618e-02   2.3750021e-02
   1.7627846e-03   1.2874826e-02  -9.9606423e-03   2.7554052e-03  -2.2400650e-02   8.7078731e-02  -9.0436206e-02   8.8084711e-03   2.9607457e-02  -1.2261278e-01  -3.1826774e-03  -2.8040943e-02   3.9648170e-02  -1.5097860e-02   2.0549393e-01   2.7156937e-02   5.5245814e-03  -9.9493160e-02  -1.5447740e-02  -2.4721914e-03   2.9820367e-05   5.6763156e-02  -5.6444980e-02   1.3302992e-02  -2.0025985e-02   1.8221860e-02   4.5525146e-03   9.5716479e-03
   1.1825427e-02   3.8539987e-02   5.0440708e-03   4.1000508e-03   2.2856056e-01  -9.3876304e-01  -8.2157099e-03   7.4644866e-02  -3.1307280e-01   1.2888460e+00  -1.0118939e-02  -3.6798591e-01  -7.4575615e-02   4.5798867e-01   4.7306792e-02   2.3239926e-01   6.1895438e-03  -8.5580451e-01  -1.6351999e-02  -5.3219504e-02   1.1852541e-01   2.5396150e-01  -7.4068899e-02   7.6291874e-03  -1.0141705e-02   2.8802547e-03   2.3543268e-03   2.6358530e-02
   1.1912720e-01   2.3523889e-02   2.6733341e-02  -9.1823194e-03   1.1741965e-01  -1.0964618e-01   1.6310846e-01   2.2650928e-02  -9.8830691e-02  -9.5858603e-02  -1.6525965e-02  -2.3145102e-01   2.0177388e-01  -7.5348570e-02  -1.4914494e-02   9.6709822e-02   8.2227042e-03   4.0089646e-02  -1.1067446e-02  -7.7018910e-03  -3.4575200e-02   2.1762824e-02  -2.5071891e-02   2.5681564e-02  -3.4245219e-02   1.6126675e-02   1.5009279e-01   2.7237255e-02
   2.3452782e-01  -2.6944180e-01  -2.4953000e-02   3.4860138e-03  -3.5562012e-02   1.7316712e-01   2.1845219e-02   1.2906882e-03   3.7429183e-02  -8.9837990e-02  -5.8201318e-04  -6.1453941e-02  -3.3012368e-02  -7.8053112e-03  -3.6258686e-03   5.3089654e-02   4.1739674e-03   1.4098502e-02  -2.2107447e-03   1.8345877e-03  -2.8914045e-02   2.2994152e-02  -6.9036503e-03   2.0934577e-03  -7.5512131e-03   8.4105229e-03  -4.8450990e-03  -5.2068869e-02
  -4.1625273e-03  -2.2562942e-03   9.3095993e-03   1.8435602e-03  -5.8085558e-02   1.5385383e-01   7.8613911e-03   3.1758338e-03   2.5909574e-01  -1.8869542e-01  -3.8096128e-03   6.6102657e-02  -4.4573318e-01   4.3795498e-02  -4.8741512e-03  -2.3668739e-01   2.4106068e-02   7.7806128e-03   1.2519002e-03  -3.1237848e-02   7.0525264e-01  -1.6968816e-01  -3.8637837e-03   1.6279954e-02  -1.0848008e-01   8.1633068e-03   1.1745973e-02   1.0791868e-02
   5.0771524e-03   1.3374008e-02  -1.0420517e-03   6.3024578e-03   2.1944230e-03  -1.1491712e-01   3.1365828e-02   2.0587778e-02   3.5544349e-02   9.2391115e-02  -4.1800661e-03  -1.5314120e-01   1.1834606e-01   5.1122796e-02  -6.5748499e-03   1.7226216e-01   1.1373544e-02  -6.5977545e-01  -4.4383804e-03  -3.6975253e-03  -4.2197553e-01   9.8516275e-01  -8.4016757e-02   1.5037161e-02  -3.4640212e-02  -3.4750168e-02   7.4652094e-03   6.3236495e-03
  -2.7240561e-03   3.4191606e-03   2.5969511e-03  -5.9089424e-03  -7.9959477e-03   2.0437565e-03  -5.7075409e-04  -2.4595568e-02   8.5865231e-02   7.1938236e-03  -3.1457221e-03   1.8339434e-02  -1.2132910e-01  -7.0476066e-02  -1.6557990e-03  -1.6793217e-02   9.7085676e-02   2.2790274e-01   1.2116807e-03   1.5463099e-04   4.7929014e-02  -4.0016969e-01   5.3556701e-02   8.8509002e-02  -4.0068774e-01   5.4157217e-01   1.8712065e-04   7.1912248e-03
  -1.0827775e-01  -8.3916393e-02   9.5715940e-03  -4.8490966e-04  -5.7683916e-03  -5.0268283e-02   4.6624579e-01  -1.4737304e-02   1.0518865e-01  -2.3368179e-01  -9.0076810e-03  -2.0871105e-01   8.3001184e-02  -3.4742609e-02   5.1570902e-04   9.5683287e-02   1.5253974e-02   2.5057637e-02  -1.0616244e-02   9.3359270e-03  -4.5545580e-02   4.5470516e-02  -2.3928302e-02   2.1343573e-02  -5.3346461e-02   3.2814120e-02  -1.1435308e-01   1.8208489e-01
   8.3973645e-03   1.0825275e-02  -7.1562359e-04  -8.8555559e-03  -1.0121372e-02  -3.6535359e-02   1.6117220e-02  -2.7781210e-02   1.9555024e-01  -1.3510343e-01  -5.8712176e-04   8.7975898e-02  -2.5457971e-01  -2.2785913e-01  -1.1560319e-02  -1.0557275e-01  -8.9286441e-03   7.9742256e-01   5.2777643e-03   3.5584063e-02  -1.2892116e-01  -1.6247011e-01  -5.1741327e-02  -7.7241032e-03   2.4960217e-02  -1.7964298e-03   5.3108406e-03  -4.1506923e-03
  -7.1304596e-02  -6.6645478e-03   3.2709242e-01  -5.5518260e-03  -4.5422525e-02   6.2617848e-02  -1.6267550e-01  -1.6271434e-02   5.0852613e-02  -1.7297695e-02  -9.0529594e-04  -1.5753751e-01   3.6465149e-02  -2.3552683e-02  -1.8434709e-02   8.8323459e-02  -5.8639136e-03  -2.8089139e-03  -5.1157145e-03  -7.4241794e-03  -7.5906742e-03   2.4215634e-02   7.7980596e-04   7.6543016e-03  -1.0683423e-02  -2.2213856e-03  -2.7528886e-02  -2.1658317e-01
   6.7738040e-03   5.6985550e-03  -1.7951502e-03   7.6517920e-03   1.0167706e-02   9.6589264e-03  -1.2391564e-02   2.9358200e-02   1.3263868e-01  -4.9872792e-02  -8.1821915e-03  -5.3103158e-01  -1.8699445e-01   4.9828809e-02  -1.1791175e-03   7.7120108e-01   1.6074085e-02   5.0408497e-03  -5.3253681e-02  -3.2120253e-02  -1.6787452e-01   2.5837354e-02  -1.0199493e-02   4.0091029e-02  -8.8218393e-02   3.4323913e-02   9.7288123e-03   5.2754629e-03
   6.9225326e-03  -9.7366567e-04  -1.7101640e-03  -5.5958981e-03  -3.6903299e-02   1.0864468e-02  -1.2476628e-02  -8.4062065e-03   6.6498853e-03   2.9375487e-02  -8.8282726e-04   1.2629325e-01  -4.5019418e-02  -1.7420429e-02   5.4367874e-04  -1.3551983e-01   8.3382126e-02   6.0277216e-03   6.7071193e-02  -5.9719721e-02   1.5713661e-02   1.8057726e-02  -3.7873425e-03   2.1716737e-01  -3.6070045e-01   1.0601849e-01   2.6796690e-03  -6.2508517e-03
   2.0716184e-02  -1.3580225e-03   2.0620970e-02  -1.9435997e-01   2.8073609e-03   3.3943805e-02   4.8151498e-03   9.2573083e-02   6.3090107e-02  -1.3026028e-02   1.4295262e-03   2.8325332e-02  -3.5039726e-02  -2.6105125e-02   6.2380310e-06   5.1212176e-03  -2.0047739e-02   2.1709468e-02  -3.8829520e-04  -1.8343324e-02   1.2385693e-02  -1.0875813e-03  -1.0452353e-03  -2.1389463e-03   8.3234625e-03  -5.3729863e-03   5.8594465e-04   8.3866250e-03
  -4.3396410e-03  -1.6269011e-02  -1.6648965e-03   4.8752595e-03   1.5319647e-02   2.8323490e-01  -8.0076298e-03   1.0223767e-02  -4.2566673e-03  -6.4648654e-01  -2.5243464e-04  -4.2845152e-03  -2.5961431e-02   6.6410382e-01  -1.5859492e-03  -9.4761612e-03  -7.9839585e-03  -3.2269686e-01  -1.0409209e-03   1.3861497e-02  -1.8006989e-03   7.5808880e-02  -8.1645502e-04   4.4509990e-03  -9.4456715e-03  -6.3585019e-04   2.3180503e-03  -3.3788115e-03
  -4.8041313e-04   9.9003884e-04   2.2388410e-03   2.4153905e-03   5.0541211e-02  -8.1278664e-02   1.5784311e-03   8.8271352e-04  -8.5506634e-02   1.4199340e-01  -8.5060544e-04   7.7076853e-02   8.0673685e-02  -1.5117322e-01  -2.4088282e-04  -2.8059373e-01   2.0961219e-02   1.0063645e-01  -2.3950418e-02   2.7563720e-01  -9.8210678e-02  -2.3005930e-02  -4.6067477e-04   2.7485689e-03  -2.6169275e-02   1.3642014e-02  -1.3442534e-04  -3.1874798e-03
  -5.8466657e-03   1.8179975e-03  -1.6335256e-02   2.3516046e-03   6.9374354e-03  -1.6127449e-02  -8.0939390e-03   2.6624364e-01  -1.2561046e-01   1.8572102e-02  -2.4311209e-04  -2.7398924e-01   8.9482550e-02  -3.7452219e-03  -5.3228949e-05   7.0917837e-02   1.7511386e-03   6.5455335e-03   2.5698335e-03  -4.3501005e-03  -6.3945707e-03  -7.9966501e-03   6.5104172e-04   9.1933919e-04  -4.3788191e-03   4.7987786e-03  -1.5440047e-03  -8.8295741e-03
  -1.8508931e-03   2.0275746e-05   9.7469230e-04  -1.7184910e-04   3.5589043e-02  -3.0240641e-02   4.5481007e-03  -5.9889808e-03   1.2563458e-02   1.2445038e-03  -2.6834352e-04   8.1654597e-03  -1.3509500e-01   3.8783367e-02   5.7622133e-04  -2.9992243e-02   2.1920908e-01  -5.6416965e-02   6.3956636e-04   1.5425326e-02  -1.0457811e-01   2.0724983e-02   9.6535442e-04  -1.0433879e-03   5.5122830e-03   2.8060354e-04  -7.0545016e-04  -6.8474748e-04
