  -1.3343133e-01  -9.9554170e-02   1.0709908e-01  -7.2599987e-02   1.1909566e-01   1.7856029e-01  -4.2316830e-02   1.3364009e-01   1.7260205e-01  -6.1605708e-02  -1.2500574e-02  -9.1299699e-02  -4.6546963e-01  -1.7985295e-02   5.3270234e-03   2.5894768e-01   4.5905044e-02   1.4082209e-01   7.2709741e-02  -5.4865368e-01   5.0380805e-01  -2.7642524e-01  -1.1643655e-03   1.7498342e-01  -1.0908120e-01   5.8369146e-02   1.9920400e-01   9.4931445e-03
   1.0956936e-01  -1.6427098e-04   5.1372917e-02   3.8099632e-02  -1.2002032e-01  -4.3897313e-02   7.8654143e-02  -2.6886851e-02   2.5560344e-01   5.9136983e-03   4.6626168e-02  -2.3553510e-02  -1.6265356e-01  -2.5048652e-02   7.2752391e-02  -4.6963208e-02   3.0341276e-01   8.5819823e-02   3.0920361e-01  -4.7299600e-02  -1.8786777e-01  -2.1395416e-01   4.0425414e-01  -3.5925113e-01   1.1363046e+00  -5.4007887e-01   1.3675645e-01  -4.2753019e-02
  -2.6266773e-02  -8.5800411e-03  -3.2964739e-03  -7.2706415e-02   5.8315799e-01  -1.7319670e-01   8.9169081e-03  -2.0926179e-02  -5.4115723e-01   3.6789206e-02  -2.2214964e-04   1.3482753e-02   2.6660993e-01   8.8099821e-03  -1.8683117e-03  -8.3502996e-04  -5.1237014e-02  -4.1324398e-02   1.4512245e-02  -2.7822501e-03  -2.8725833e-02   5.4813147e-02  -4.9817169e-03  -1.3122230e-02   7.7194758e-03  -5.9794735e-03  -1.2996444e-02  -1.4651338e-03
   5.4742875e-02  -3.5363611e-02   1.0916188e-02   5.9801128e-03  -1.1172696e-01   4.8056858e-02   1.6219183e-02  -2.8767386e-02   3.1196719e-01  -3.7012467e-02   2.2612351e-03   2.2663035e-03  -1.8267781e-01   1.2750828e-02   1.4361100e-02  -8.2401199e-02   1.9052980e-01  -7.2689248e-02   5.9847311e-02   8.4513788e-02   3.2446868e-02   9.9826265e-02   7.0646265e-02   3.3241346e-01  -1.1983123e+00   4.3701996e-01   3.9193751e-02  -3.0309607e-02
   2.1951110e-01   1.2111717e-02  -4.7178368e-04   3.4068739e-02   1.4942245e-01  -4.5576782e-02  -1.6762105e-02   2.1516711e-02  -4.4376434e-01   2.3301271e-02  -2.1542859e-03   2.4330311e-02   3.3637963e-01   3.2915241e-02  -3.6025917e-03   2.1180056e-02  -2.6466431e-01  -8.9039600e-02  -8.6869980e-02  -2.2933095e-02   1.2721712e-01   6.3876324e-02   1.1116875e-02   8.3840215e-02  -1.9969838e-01   6.9631642e-02   1.8647473e-01   1.5006312e-02
  -3.2340209e-02   4.2507855e-02   2.2412909e-02  -1.6302832e-02  -2.6244237e-02  -1.1551132e-01  -7.1726816e-02   4.1228538e-02   3.0474850e-01  -4.8470863e-02   1.0119971e-02   8.6702661e-03  -1.6861717e-01  -2.0818174e-02  -8.5829992e-03   1.7274176e-02   1.6516067e-01  -1.7065422e-01  -1.0804815e-04  -1.2328043e-02   4.0243997e-02   3.0525072e-02   2.7301283e-02  -4.1775903e-02   3.3232272e-02  -1.7435102e-02   1.0591712e-02   1.6910286e-01
  -2.4300346e-02   1.8474156e-02  -8.9305729e-03  -1.1195950e-02   4.7464816e-02  -5.1167457e-02  -2.2287874e-02   1.7952154e-02  -8.0812954e-02  -5.4955594e-03   2.8752911e-03  -3.6734117e-03   8.4416972e-02  -9.7153259e-03   1.5342096e-03   1.6381861e-02  -9.3907720e-02   6.2873629e-02  -5.3775084e-02   1.9182248e-03   1.5153695e-01  -3.4751591e-01   4.6092650e-01   1.6103037e-02  -1.4736513e-01   2.0071521e-02  -1.6523951e-02   4.2298067e-02
  -7.6967942e-03   6.9840169e-03  -1.1396834e-02  -1.4991811e-02   4.9917318e-02  -3.1626243e-02   4.6302576e-03   1.5791230e-02  -1.9904975e-01   1.7866669e-02   1.9325208e-02  -4.1870111e-02   2.7455683e-01   4.6804970e-03   9.0730251e-03   1.0546836e-01  -4.1917250e-01   2.2455052e-02   3.9139523e-01  -1.7451370e-02   7.9401348e-02  -5.6099720e-03   4.2839058e-02  -1.8205639e-01   3.1599861e-02  -3.4877907e-04  -6.0733821e-03  -2.5298985e-03
  -9.1488936e-04  -3.5000231e-03   1.1164087e-03   3.6434313e-04   5.7954558e-03   1.4673865e-02   9.7494060e-03  -3.8118546e-03  -1.7905763e-02   7.3234798e-03  -1.1877322e-05   1.8430434e-03  -7.2512427e-03  -1.2924262e-02  -8.0411404e-04  -9.0412189e-03   3.5164700e-02   7.0905654e-02   2.0557233e-02   1.2499929e-02  -5.6180120e-02  -2.4585220e-02  -2.3849639e-01   2.7779102e-02  -2.3311267e-01   3.9311024e-01  -8.7692279e-04  -8.2742305e-03
  -4.0482341e-03   1.3907093e-03   1.6754843e-02   1.0508427e-03  -2.5655814e-02  -1.7586992e-02   8.7952958e-03   2.1916924e-01   4.1728356e-02  -2.4894024e-03  -5.4643095e-03  -6.0521088e-01   1.0738455e-01   1.0658419e-02  -8.6999493e-04   3.0762506e-01  -7.1775844e-03  -1.7301336e-02   1.3134062e-02  -1.0821293e-02  -2.8672973e-02  -3.2749012e-03   2.0376753e-03  -1.5039176e-02   1.1817692e-02  -2.7688998e-03   2.9168623e-03   7.9430327e-03
   3.2105119e-03   1.0297808e-02  -1.1563716e-03  -1.4985301e-02   1.4449727e-01   1.1674049e-02  -1.3582159e-03   1.9715843e-02  -7.7309032e-01   4.2759274e-03  -2.7261214e-04  -2.2633408e-02   1.1432852e+00  -1.8579327e-02  -2.0972609e-03   4.8732729e-03  -5.3915762e-01  -4.3716247e-02  -7.1700235e-03  -4.6690499e-03   4.6370325e-02   4.3129584e-02  -9.2540279e-03   1.9834473e-02  -2.9933735e-02   1.0905360e-02   6.1639739e-03   1.0549107e-02
   4.5489776e-03   1.3481483e-03   8.1468579e-04   5.2987560e-03   4.3531758e-02   7.4225358e-03  -1.5496723e-03  -1.7574249e-03  -1.4234483e-01  -1.7961566e-03  -7.2807313e-04   2.0127307e-02   3.6993089e-01   8.6643843e-03  -7.8951918e-05  -1.9165033e-02  -8.6060851e-01   6.2615836e-03  -3.1288612e-02  -1.2980342e-02   7.7361552e-01  -5.9275915e-02   1.4410109e-03   1.6596807e-02  -1.4189961e-01   2.3439109e-02   8.8738205e-03   1.6157162e-03
   3.7134106e-02   5.6411989e-02   2.7369177e-03   1.9499307e-02   9.2691748e-02  -5.6180620e-01   4.3233673e-02  -3.3141709e-02   2.5241189e-01   2.1661557e-01  -3.3220602e-03  -1.0943708e-02  -2.0733071e-01  -8.6529405e-02   1.0085055e-02  -1.3057336e-02   7.5740581e-02   1.9097973e-01   1.6339611e-02  -4.0951158e-03  -2.3930102e-04  -8.8996840e-02  -1.9568912e-02  -2.5489877e-03   4.5160451e-04   8.5569911e-03   1.9667383e-02  -6.6276258e-02
   4.5536895e-03   6.0664555e-03  -2.9311056e-02  -1.0530872e-01   1.6936052e-02  -1.3209013e-02   2.1856581e-03   4.4141654e-01  -2.1049057e-01   5.6599892e-03  -5.1180491e-03  -2.5252188e-01   1.4533850e-01   8.4003106e-03   3.8500190e-04   6.5553764e-03  -3.3888622e-02   2.0393510e-03  -1.3224821e-02   2.0327739e-02  -1.5889429e-03   9.3151917e-03  -2.9768548e-03  -3.7546010e-03   6.2756588e-04  -2.1349796e-03  -2.0482200e-03  -8.5250531e-03
   5.4893930e-03   1.0856199e-03   1.1952629e-03   6.6699816e-03   5.2063663e-02   6.0175140e-03  -4.7089010e-03   1.8067533e-02  -1.1362848e-01   1.4295578e-02   6.9497612e-04   1.3001239e-02  -5.1025875e-01   1.2869336e-02  -2.7081318e-04  -3.7733882e-02   8.4225236e-01  -3.0164063e-02  -4.5241097e-03   2.0792909e-04  -2.6169808e-01  -2.5177975e-02   5.6480702e-03   6.5983776e-03   1.2037724e-02  -3.4559042e-03   4.9276035e-03   5.7726181e-03
  -1.6586309e-01   1.8684037e-01   9.0002880e-03  -1.1568718e-02   7.0594786e-03  -3.0701041e-02  -1.9218457e-02   1.9007272e-02   4.3915407e-02  -2.1553958e-03   3.5749740e-03  -1.1170066e-02  -5.3374721e-02   6.3546751e-03  -1.2792367e-03   2.5788251e-02   4.0873237e-02  -4.1319017e-02   1.0224172e-02  -2.1363541e-02  -1.2535096e-03   2.3626581e-02   4.1510854e-03   1.2107284e-03  -1.6347453e-02   3.2156539e-03   1.8450754e-02   2.8487473e-02
  -9.6565297e-03   9.5476753e-03  -2.0940547e-02  -4.8170492e-04   8.3213409e-03  -2.1126974e-02  -3.9119607e-02   4.1315366e-03  -4.9684867e-03  -1.5365912e-02  -2.7304827e-03   3.9444972e-03  -7.3053764e-03   8.5673426e-02   1.8869095e-01   4.7533572e-03   2.9343588e-02  -1.8925869e-01  -4.0414029e-02  -1.0499548e-02   2.8679950e-02   3.0599121e-02  -4.8399966e-02   2.5825657e-02  -2.8574957e-02   2.5503466e-02  -9.0280043e-03   4.0905092e-02
  -9.1325700e-02  -5.0595564e-03   2.2944541e-01  -6.0465206e-02   2.8046955e-02  -4.4487227e-02  -1.8047676e-02   4.9637599e-02  -8.5725719e-02   3.4087415e-02  -1.2245413e-02   1.0099049e-02   6.1448491e-02   1.7752680e-02  -1.5030366e-03  -3.5616053e-02  -6.5063735e-02   4.0555729e-03  -6.1465107e-02   2.3175149e-02   2.7897722e-02  -8.8824164e-04  -9.1222287e-03   3.6678303e-02  -4.3620071e-02   1.6074404e-02  -3.5194596e-02  -7.6654327e-02
   4.9458694e-05   3.7369121e-03  -3.3511730e-02  -1.9732871e-02   1.2323211e-02  -1.9652301e-03  -1.9312315e-02  -1.8652467e-02  -3.1840823e-02   8.9018436e-03   1.8639151e-01   9.9755341e-02  -7.3027080e-03  -1.6572198e-03  -7.4376972e-03  -9.1065012e-02  -6.1892976e-03   5.6956350e-03  -1.6066088e-01   3.1336803e-02   1.8406696e-02  -5.8964780e-03   7.1844893e-04   6.5136806e-02  -4.0132695e-02   1.0220027e-02  -9.3709771e-03  -1.9867446e-02
  -1.3201110e-03   4.5355052e-03  -3.7266725e-03  -2.0621954e-03   9.5360343e-03   1.0252529e-02  -1.8033288e-02   7.9855539e-03  -1.8150249e-03  -2.1157141e-01  -3.6553476e-04   4.9922751e-03  -9.2748815e-02   5.9818069e-01   1.2790416e-03  -5.0238695e-03  -4.2079910e-03  -4.2920112e-01  -9.1119226e-03   8.7162870e-03   4.9831372e-02   8.4670063e-02   7.6539015e-04   2.1945736e-03  -1.0201032e-02   5.2650431e-03   3.9355657e-04   1.0595433e-02
  -2.3798566e-03  -1.0690225e-02   4.9591990e-03  -8.1434877e-03  -3.5809505e-02   1.9243019e-01   2.2511997e-02   3.0172123e-03   1.0547930e-01  -4.6531988e-01  -1.4588448e-04  -7.7676864e-03  -2.5027488e-02   2.7288037e-01   4.1085448e-03   5.8748860e-03  -1.7597384e-02  -4.6605350e-02   2.5089951e-03  -1.2859177e-03   1.0769616e-02  -2.4038508e-03   1.1526726e-03  -1.1398703e-03   3.1115200e-04  -1.3070280e-04   1.3164405e-04  -5.1088689e-03
  -1.3936962e-02   8.3034387e-03  -1.2261482e-02  -1.1302281e-02   7.3364003e-03   7.1712362e-03  -9.3943041e-03   1.1972099e-02  -4.3675235e-03  -4.2628629e-03   8.2515559e-04   1.3678013e-02   3.9161486e-02  -2.5887927e-01   3.7607477e-02   3.3595658e-02  -1.9940386e-01   6.5701652e-01  -4.5304986e-02  -2.8313759e-02   1.5061894e-03  -2.4877500e-01  -3.5138725e-02   2.8980451e-02   1.4145699e-02   5.1030675e-03  -4.3276112e-03   5.6659678e-02
  -2.1656862e-03   3.4102717e-03  -8.4913701e-03  -8.0450682e-03  -5.9849290e-03  -3.7308769e-03  -2.0146467e-03   6.4699967e-02   1.7461700e-02   1.9477277e-03   1.6624116e-02  -3.0178688e-01   4.8501910e-03   1.7991100e-02  -3.4232210e-03   5.3374766e-01  -1.7151074e-01  -1.2023656e-02  -1.9390703e-01   8.5890145e-03  -3.8977944e-02   2.2778442e-02  -1.0290073e-02   3.8914697e-02  -1.5885541e-02   5.7459491e-03  -2.6594114e-03  -5.7861547e-03
   3.6463100e-03  -4.3264743e-03  -6.5589457e-03  -7.5845420e-03  -1.1375731e-02   3.9323405e-03  -4.0913654e-04   3.5828987e-02   3.3554089e-02  -4.1587014e-03   4.6450975e-03  -1.6928833e-01  -5.2300759e-02   1.3787894e-02   2.7365631e-03   5.0468695e-01  -1.8288639e-02  -3.7565650e-02   1.2374482e-01  -6.0128758e-01   1.4202567e-01   3.6846123e-02   1.5820410e-03   5.6875186e-02  -1.9892291e-02   1.3373596e-05  -2.5615787e-03  -2.9336559e-03
   3.9978785e-03   3.1150713e-03  -4.9473824e-04   7.3846275e-04  -1.7506940e-02  -5.7933863e-03  -4.0643160e-03   5.1974071e-03   3.4712958e-02  -2.0214716e-02   3.3143259e-04  -1.1358259e-02  -2.6401297e-02   9.0648198e-02   7.6343473e-03   3.6384207e-02   1.0571919e-01  -4.3551194e-01   2.6220468e-03  -8.5530733e-03  -3.3356607e-01   7.2531914e-01  -1.0220933e-01   3.5867089e-02  -6.8479540e-02  -1.7154675e-02   3.6531240e-03   4.1325980e-03
  -4.2475855e-02  -1.1355828e-06  -2.8675879e-02   2.6735510e-01  -2.3942474e-02  -3.3005059e-02   3.2857639e-04  -1.2666041e-01  -1.0444385e-01   1.7741669e-02  -5.1805372e-03   4.8845219e-02   9.7547577e-02  -1.2744085e-03   1.5590528e-03  -3.2143216e-02  -5.1977448e-02   1.0426492e-02  -1.0451490e-02  -2.7659536e-04   4.2736097e-03   1.2751309e-02  -6.0475281e-03   9.9407713e-03  -1.4008861e-02   4.4803976e-03  -6.3738676e-03  -1.2272390e-02
  -5.7218216e-05  -1.1321096e-03  -2.2044650e-04  -1.2036533e-03   1.4483403e-02  -4.8639624e-03   2.1202800e-03  -1.9516793e-03  -1.6841677e-02   2.0294833e-03  -1.6640580e-03   6.8554885e-03   7.4659774e-03   1.7320516e-03   1.3601168e-04  -1.0541921e-02   5.6904471e-03  -7.7420602e-03  -4.9538525e-02  -2.5058099e-02   4.2538839e-03   1.1242460e-02  -1.5271773e-02   3.9086723e-01  -4.4703992e-01   1.5167657e-01  -6.3559842e-04  -5.1452391e-04
  -2.2658812e-02  -2.3493684e-02  -3.3821484e-02  -7.5891333e-03   3.5980110e-02  -1.2858128e-01   1.8215689e-01   8.2786537e-03  -2.9846626e-02   5.8337931e-02  -5.7790550e-04   1.7485170e-02   1.0702706e-02   1.0912736e-02  -1.4618976e-02  -3.0660948e-03  -1.7493041e-02  -5.3765456e-02  -4.5603518e-02   1.0833124e-02   1.7495156e-02   2.5975078e-02  -4.9423855e-04   2.2274641e-02  -2.5833271e-02   7.0771025e-03  -2.5114988e-02   8.4189961e-02
