  -4.1625243e-02   3.2959113e-01   1.1810503e-01  -1.4351907e-01  -5.4693575e-02  -1.1940601e-01  -1.3271142e-02  -9.4499020e-02   2.0548284e-01   2.8413174e-03  -1.2528650e-02   8.3566770e-02  -9.7633149e-02   1.6445465e-01  -8.8121093e-03  -2.7290311e-01   7.8687273e-02  -4.5095083e-01   9.5781443e-03   5.0667719e-01  -4.1904632e-01   5.0446165e-01   1.1329108e-01  -6.6822063e-02   2.2770585e-02  -8.7831736e-02  -8.7632921e-02   4.8241337e-02
   4.1267037e-03  -1.4101950e-02   1.8961142e-02   2.2891328e-02  -1.3638558e-01   1.7034465e-02   1.7279067e-03  -3.6687452e-01   1.0844119e+00  -6.9115367e-01  -7.5116909e-03  -3.7138239e-01  -4.4077308e-02   1.0684915e+00  -3.7460146e-03   6.4753299e-01  -3.9042325e-01  -8.6195937e-01  -3.7248980e-02  -2.2663557e-01   1.0664760e-01   4.1220674e-01   7.4659881e-02   1.7251080e-01  -2.0013101e-01   3.8708915e-03   4.1995892e-03   4.0521955e-03
  -1.2885026e-02   2.4473728e-02   3.7683816e-03  -6.4647589e-02   1.8762019e-01  -2.2282737e-01   1.8911446e-02   2.1399421e-02  -3.3687327e-02   1.8225788e-01   1.2027016e-03  -1.2119824e-03  -1.1079352e-01   1.4242025e-03  -4.8177550e-02   1.0445183e-02   8.2646657e-02  -1.6645762e-01  -1.5920163e-02   4.3389893e-02   5.4947204e-02  -2.0862916e-01   5.7189224e-01  -7.4642150e-02   1.6165617e-01  -2.4170471e-01   8.3902564e-03   3.5610170e-03
  -1.5767660e-02   3.4854454e-03   1.5557799e-02  -1.0819352e-01   4.7565581e-01  -3.1406718e-01   1.5604753e-02  -6.0335460e-02  -3.1415808e-01   3.1423755e-01  -9.0129066e-04   9.3624005e-02   7.3353549e-02  -2.6521537e-01   5.0985731e-03  -1.6789196e-02  -2.7044984e-03   1.8211910e-01   2.3049491e-04  -3.6170457e-02  -1.3477677e-02  -2.5653961e-02  -3.0695430e-02   4.7429088e-02  -5.1017975e-02   3.5469939e-02  -7.6337631e-03   1.6995378e-03
  -8.5933852e-03   1.5341551e-02  -8.7222432e-02  -2.4138674e-01   1.4781219e-02  -2.0618133e-01   1.3546823e-02   1.2623877e+00  -2.2141287e-01   2.2223396e-01   9.2196080e-03  -1.2224760e+00   2.9522765e-02  -1.1800194e-01  -8.9164265e-03   1.1117720e+00  -1.3367985e-01   1.3861504e-04   1.0107497e-03  -5.1424869e-01   5.4009223e-02   6.4847466e-02   3.8167505e-02   6.3578894e-02  -2.5148583e-02  -1.1366685e-02  -1.3527504e-02  -9.6424230e-03
  -3.9590085e-03  -5.8137991e-03   6.9681151e-03   7.5106927e-03   6.1342248e-02   2.5156411e-02  -1.0520455e-04   6.2967417e-02  -2.0431090e-01   3.1180800e-02  -4.9218008e-03  -1.4246878e-01  -8.6082796e-02  -6.1232153e-02   2.4607674e-02  -1.5487745e-01   9.7858047e-01  -2.5780428e-01  -9.7621929e-03   1.5559148e-01  -4.9161085e-01   6.5318008e-02   6.7558812e-02   3.1294613e-02  -3.7762810e-02  -3.0870198e-03   2.2724491e-03   3.2982993e-03
   7.6733004e-03  -1.9767050e-02  -2.5757638e-03  -1.7745281e-02  -5.9355629e-02   1.7867934e-01  -1.1482197e-02   9.3568262e-02   5.6036303e-03  -2.4508820e-01  -2.8460716e-05  -1.1023979e-01  -2.4667038e-02   4.1049492e-01   2.0429339e-02   6.1883269e-02   2.0682744e-01  -1.1021169e+00   8.1210868e-04  -4.0769238e-02  -3.3575050e-01   1.2252276e+00  -1.7254424e-01   3.7673422e-02  -7.0568599e-02  -3.2568557e-02  -8.2112324e-03   7.4737792e-04
   2.2866921e-03   4.6866138e-03  -6.0983224e-02   3.0211399e-02  -8.8402573e-03  -2.1229940e-03  -1.6218447e-02  -4.2174269e-02   3.2289674e-02   1.7131909e-02   1.9103730e-01  -2.9873968e-02  -8.3204452e-03  -3.3048964e-02  -2.4266805e-02  -1.9399204e-02   2.0007688e-03   5.7795715e-02  -6.3911070e-02  -1.6729761e-02   2.4211581e-02  -4.2882740e-02   2.6287739e-02   5.2437783e-02  -2.2344538e-02   9.7381724e-04  -5.1980751e-03  -2.8912348e-02
   6.1289048e-03  -6.3687436e-03   5.4552727e-03  -7.7759818e-02   1.3998079e-02   2.2690812e-02   3.4519662e-03   8.3218629e-02   5.6453922e-02  -5.9187698e-02   2.1701457e-05   5.8821672e-02  -4.6153858e-02  -5.4140441e-02   1.2671026e-02  -9.6205321e-02  -4.4752785e-01   3.9436447e-01   2.4881376e-02  -1.9975323e-01   1.0642105e+00  -7.9544713e-01   1.4350683e-01   2.6004910e-02  -1.0463789e-01   3.8322144e-02   1.8015931e-03  -9.5008914e-03
   1.1004773e-02  -2.0794211e-03  -4.0059269e-02  -4.8558310e-02   3.8490248e-02   1.3280867e-01  -1.3262020e-02  -3.5857754e-01  -2.6754717e-01  -1.6377616e-01   2.0830938e-02   1.5748239e+00  -1.9141534e-02   5.6866303e-02  -6.7560198e-03  -1.3991683e+00   1.0506488e-01   1.0815432e-01  -1.0313088e-02   4.4649398e-01  -3.8644041e-02  -6.0205080e-02   3.0186454e-02  -1.9233077e-02   3.2557004e-03  -1.1205841e-02   2.8123995e-03  -6.9527119e-03
  -4.3893015e-02   3.4495481e-02   7.4251016e-02  -5.0154303e-02   6.8636778e-03   7.4225653e-02  -3.8465371e-02  -3.4659424e-02   5.0432753e-02  -1.1702893e-01  -8.0824770e-03  -5.0414176e-02  -9.0670138e-03   6.7998953e-02   9.6465752e-02   7.6119434e-02  -2.5352262e-02   3.6150245e-02  -1.3912763e-02  -1.0028508e-01   6.0952324e-02  -5.9911132e-02   3.5076971e-02   3.1278509e-02  -1.8088175e-02  -3.9791050e-04   4.2163741e-03   2.4560535e-01
  -1.8505403e-02  -4.3986202e-02   3.8700179e-03  -2.1262193e-02  -4.7117462e-02   8.2676337e-01  -7.7407491e-02  -2.2005877e-02  -1.2457057e-01  -8.6222214e-01   5.1095149e-04   1.8195797e-02  -6.9039250e-02   5.7818222e-01  -1.7957591e-03   1.1184397e-02   7.8366746e-02  -2.3707508e-01  -2.4200592e-02   1.6887309e-02  -4.7917156e-02   7.2324138e-02   9.1114721e-03   1.9465813e-02  -1.5210192e-03  -5.6769133e-03  -1.5855535e-03   8.1185176e-04
  -2.0425936e-01   2.6333767e-01  -1.0631897e-02  -5.7302756e-02   3.1255524e-02  -1.1538363e-01  -1.9347789e-02   1.8318418e-01  -2.5732219e-02   5.8184945e-02   3.4270265e-04  -1.1823404e-01   1.2376304e-02  -1.0792958e-02  -8.8901549e-03   7.6215755e-02   1.2031500e-02  -1.8878232e-02   5.3157252e-03  -5.2128377e-02  -1.6880077e-02   4.0268402e-02  -9.6914592e-03  -8.4232528e-03   2.3459505e-02  -9.3456967e-03   5.2334458e-02   1.3958637e-02
   7.0868415e-03  -3.9847340e-03  -9.3325490e-03  -4.6030357e-02  -2.0751847e-03   2.9657113e-03  -2.8226265e-03   5.2129320e-02   7.0191120e-03  -1.8053734e-03  -7.9840968e-04   1.1088260e-01   1.2789951e-02   1.1145486e-02   9.5903893e-04  -5.9564953e-01   1.8771299e-02   2.4849626e-02  -1.1300724e-01   9.2655909e-01  -2.7637380e-01  -1.7506836e-02  -5.3011272e-02  -1.1749056e-01   1.3696096e-02   2.5147262e-02  -2.3806338e-03   2.9204357e-03
   2.3679147e-01  -1.8648365e-02  -8.9619241e-02  -2.9538662e-03   9.1958883e-03  -5.0840315e-02  -1.5452318e-02   7.1324922e-02  -1.7847321e-02   3.6725441e-02  -1.2830709e-03  -7.0578586e-02  -1.7228255e-02  -1.0313337e-02  -1.6650292e-02   9.5160375e-02  -1.0948339e-03   7.4736464e-03   3.2390907e-02  -5.2431595e-02  -5.0862709e-03   1.6216316e-02   4.4186971e-02   1.8785558e-02  -2.0793381e-02  -7.6250063e-03   1.6048182e-01  -3.8073401e-02
   1.1904624e-02   5.3633670e-03   1.4634129e-02  -1.7443383e-02  -5.4711966e-02  -3.4445627e-01  -5.0992950e-02   4.4349254e-02  -1.5685075e-01   1.2647613e+00  -5.9888164e-04  -1.1409785e-01   4.3053760e-02  -9.3065705e-01  -1.6435260e-02   1.4306323e-01   4.1239541e-02   2.0534325e-01   5.5964940e-03  -9.2456600e-02   1.7869927e-03   9.7337075e-03   1.4287234e-02   3.2388420e-02  -3.0202491e-02  -9.5635387e-04   6.7409470e-06   2.4084110e-03
   1.1125910e-02  -3.7676196e-03  -2.4156196e-05  -7.0941520e-03  -7.2512051e-02   2.9246459e-02   1.5969989e-03   7.8896444e-03   9.0341409e-02   1.0074839e-01  -1.7221624e-04  -4.7299679e-02   3.2321734e-02  -7.7479577e-01  -5.3405621e-02   1.1129338e-01  -2.2148714e-01   1.3671591e+00   5.6571061e-03  -1.0643354e-01  -3.2745972e-02  -4.3914388e-01  -2.8199328e-02   4.4748845e-02  -2.6471375e-02   9.0791942e-03   1.0230851e-03  -3.8748049e-04
   6.1637891e-03  -1.7703049e-03   3.0312421e-03   4.1774058e-03   1.4930579e-02  -2.3344453e-02   2.8283192e-03  -1.2411066e-02  -1.6989831e-02   5.9742459e-02  -1.1297193e-03   1.6478022e-02  -5.7203778e-03  -1.7720717e-01  -6.2574991e-04  -1.9735643e-02   6.9224915e-02   3.7151919e-01   7.6543060e-03   1.9551777e-02  -1.3475118e-01  -3.4856409e-01   5.8511998e-02  -3.8122457e-01   8.3732712e-01  -2.1964102e-01   4.0014477e-03   6.7873288e-03
  -4.6340137e-03   1.3857210e-02   1.4503872e-02   1.9628068e-02  -2.3831220e-02  -4.3583701e-02   1.9817086e-03  -4.6883624e-04  -2.4360252e-03   6.7812765e-02  -3.1982956e-05  -5.4802395e-02   2.8476636e-02  -5.9994468e-02   2.2614275e-02   1.6425422e-01  -3.4268908e-02   3.9920418e-02  -4.0862360e-03  -2.6917239e-01   2.5763062e-02   6.6230817e-02  -9.7115139e-02   5.3273644e-01  -3.7273699e-01   1.2548449e-01   1.0159907e-02  -1.0737490e-02
  -3.3355874e-03  -1.5775167e-03  -7.8493864e-04   7.5742207e-02   3.3979979e-04   6.1603843e-02  -4.3551589e-03  -2.8759627e-01  -1.1441596e-02  -5.5938832e-02   7.8301812e-03   3.7163685e-02  -3.4806172e-03   1.4663889e-02   2.2193649e-03   6.0583706e-01  -1.4571058e-01  -4.8407138e-02  -3.7065800e-02  -2.9340508e-01   4.8699590e-02   2.5020709e-02   1.5939892e-02   9.5715227e-03   2.1877696e-02  -1.7751323e-02   3.8852003e-05   1.1589634e-03
  -6.3472379e-02  -2.4533915e-02   3.4239529e-01  -9.0466283e-02   4.3678809e-02  -4.9889110e-02   9.7360835e-03  -4.4563924e-02   3.5802412e-02   3.1146048e-02  -3.4339953e-03  -3.7124478e-02  -4.7994025e-03  -5.5925585e-02  -7.5495169e-02   4.0452294e-02  -6.8455539e-03   6.6454566e-02   1.7212446e-02  -1.8737071e-02   1.1156411e-02  -2.9254673e-02   3.9467037e-02   9.6105488e-03  -6.4802049e-03  -4.6555640e-03  -7.7547722e-03  -1.8016526e-01
   6.2557043e-03   1.4638391e-03   5.5363783e-03  -3.3458467e-02   1.1654696e-01  -1.6154615e-01   6.2637589e-03   8.6999347e-02  -1.7989962e-01  -9.6807849e-02  -2.4723037e-04  -8.6230628e-02  -6.3764328e-02   7.6784916e-01  -1.3747878e-02   2.0072635e-02   5.5627541e-02  -5.3880691e-01  -7.3819626e-03   1.9481327e-02  -3.9384783e-02   1.5974438e-01  -1.1904942e-02   1.2600755e-02  -8.7532517e-03  -3.2494633e-03  -9.7562386e-04   9.2742576e-04
   2.3115204e-04  -1.0013468e-03  -2.3487517e-02   5.4914470e-03  -2.4045996e-02  -1.5966929e-02  -2.7595238e-02  -1.5095552e-02   2.8407920e-02   3.7344402e-02  -1.1372143e-03   2.5301825e-02   2.8195865e-02  -1.4892251e-01   2.7490979e-01  -1.7838806e-02   2.5264042e-02  -6.2397298e-02  -2.4377345e-02  -8.6612429e-03   9.4100161e-03   2.7878636e-02  -2.3500188e-02   4.5289504e-02  -1.6768216e-02   2.8971623e-03  -7.7476164e-03   4.9424804e-02
   4.3438126e-03  -3.8346001e-02  -1.2517533e-01  -7.3155893e-03   2.7628376e-03  -6.5794251e-02   2.6261097e-01   5.2885951e-02   1.3214651e-02  -2.6837547e-02  -2.2844840e-03  -7.5832265e-02   6.7187362e-03  -1.5446265e-02  -5.9163893e-03   6.9128709e-02  -1.4598739e-02   4.2436769e-02   8.3364618e-04  -3.1720395e-02   9.3417585e-03  -2.5652773e-02   2.3535860e-02   6.1265106e-03   5.1631316e-03  -8.8873604e-03  -3.1350958e-02   1.4744579e-01
  -7.4475102e-02   8.1515953e-03  -7.0517298e-02   6.2491247e-01  -1.2172442e-01  -5.5516026e-02   1.6860524e-03  -4.6743634e-01   5.7657561e-03   8.5112583e-02  -1.3957030e-03   1.2191540e-01   8.9163792e-03  -9.3568062e-02   4.9491929e-03   7.9715110e-03  -1.1870740e-03   6.8597466e-02   6.1722727e-03  -1.7290506e-02  -6.6371283e-03  -2.1538730e-02   7.9794649e-03  -5.0010636e-03   1.6362248e-02  -9.4315805e-03   3.8558278e-03  -6.6623631e-03
   6.4956860e-03  -4.0499870e-03   2.6918122e-03   1.1300736e-02  -4.4105189e-03   3.1310516e-02  -4.9472228e-03  -6.4457790e-02  -5.5558202e-03  -4.0192773e-03  -9.2223262e-03   1.1391931e-01  -5.5184104e-03  -8.0126554e-03  -3.2763693e-03  -1.2612147e-01   3.3821616e-02  -1.6636321e-02   2.8921488e-01  -7.8842595e-02   2.3281841e-02   1.3195976e-02   4.0077501e-02  -2.2851129e-01   1.8289848e-01  -6.0619804e-02   8.3005559e-03  -9.5395639e-03
  -6.1363991e-04   1.9782125e-03   7.2012414e-04  -1.2933485e-03  -1.7449631e-02   1.9826541e-02  -2.4228931e-03   3.8901562e-03   3.2533118e-04  -1.8419041e-02  -1.0806627e-03   7.8567611e-03   1.5258010e-02   1.0757748e-03   3.6043753e-03  -5.2030902e-02  -2.5684319e-02   3.4721699e-02   2.7679603e-04   7.8742653e-02   2.5546958e-02  -4.1261043e-02  -7.1918692e-02   1.0201637e-01  -4.2171295e-01   3.7736806e-01   8.9701394e-04  -2.6826617e-04
   3.5299523e-04  -1.2286923e-03  -8.1359452e-04  -5.3143939e-03   6.2128528e-02  -2.0297915e-02   2.7873239e-04   1.2147049e-02  -1.7018775e-01   5.7535363e-02  -2.7703697e-04  -3.7740784e-02   2.7285120e-01  -1.1419931e-01  -1.0981467e-03   3.3826362e-02  -2.0664968e-01   1.0577590e-01  -2.7502529e-03  -1.0605101e-02   6.9195092e-02  -3.4107028e-02  -4.1590072e-03   1.5651900e-02  -3.1042680e-02   1.3750659e-02   8.2117442e-04   1.1744710e-03
