   1.7361193e-01   1.3852222e-01  -1.7416812e-01   1.8713481e-02  -1.4677433e-01   5.9682598e-02   6.1151887e-02  -8.6048677e-02   6.2503970e-02  -3.8607347e-02  -9.9312809e-03   1.0419676e-02  -2.6623213e-02   4.8850312e-02   1.1231174e-02  -2.2123863e-01   1.5731124e-01  -4.2601856e-01   4.5018047e-02   3.6798549e-01  -3.6631656e-01   7.4668084e-01  -4.9011156e-02   3.3066173e-01  -8.0359271e-01   3.0058736e-01  -1.0309131e-01   7.7073157e-02
  -5.6534551e-02  -4.1157579e-02   3.4128323e-01  -1.5395820e-02   3.4004948e-03  -1.8138059e-02   2.1114833e-01   1.6557115e-02  -1.2246767e-01   1.2092077e-01   9.2761987e-03  -3.6405987e-03   8.3077671e-02  -5.2617498e-02   3.9144841e-03   1.3511220e-01  -8.4995961e-02   1.6858009e-01   1.3691482e-01  -2.4557233e-01   1.4569571e-01  -5.0069730e-01   4.0330277e-01   2.4782121e-01  -5.8343901e-02   2.6233194e-01   7.6426465e-02  -5.2836398e-02
   7.7837243e-03   5.6109433e-03  -2.3357880e-02   1.0825015e-03  -7.4659234e-03  -1.2949494e-02  -3.3884941e-02  -3.3487422e-03   8.5882987e-02   4.6928748e-02   2.4422237e-04  -6.4222845e-02  -4.6814997e-02  -1.2807414e-01  -3.9722802e-02   9.0622561e-02  -9.5470417e-04   1.3739595e-01  -2.5289332e-02   1.0299841e-02   1.2994336e-01  -5.7785513e-01   6.9245473e-01  -6.4227853e-02  -2.4613774e-01   1.6358028e-01   3.7110346e-04   2.8352534e-03
   2.3233838e-02   1.8746840e-02  -6.2839244e-02  -1.1088055e-02  -1.6435329e-01  -1.8163319e-02  -7.1371795e-02  -1.7057224e-01   1.0870197e+00  -1.8734679e-01  -4.0943971e-04   3.0806055e-02  -8.6387078e-01   1.1473056e-01   3.8514888e-03   7.0605856e-02   2.3316121e-01   3.8996104e-02  -2.8085905e-03   5.5096652e-03  -2.1297922e-03  -5.4638448e-02   1.8056034e-02  -4.3812647e-02  -1.4216053e-02   2.9286845e-03   1.5373154e-02   5.5026477e-04
  -4.7961990e-03  -1.1022185e-03   8.3386668e-03   1.1025488e-03  -3.6073178e-04   1.7179859e-02   2.3853573e-02   1.5554400e-02  -3.8352064e-02  -8.8465729e-02   1.8857768e-05  -8.7793975e-02  -9.3327716e-02   3.3917248e-01  -1.4044863e-02   1.4334173e-01   3.3823043e-01  -1.0268464e+00   1.5431693e-02  -7.1427127e-02  -5.0199017e-01   1.4114157e+00  -2.2924714e-01   1.1621486e-02  -1.3649379e-01  -2.6095585e-02  -3.4296309e-03   6.3271886e-03
   2.2927782e-02   1.7802354e-02  -7.2463190e-02  -1.5917061e-03   1.2973980e-02   8.2779230e-03  -8.0497755e-02  -9.7223235e-02  -3.1152199e-01  -8.2686433e-02  -4.3406796e-03  -1.2620353e-01   1.0559969e+00  -3.0342557e-02   5.0333961e-03   1.1891765e-01  -5.6375396e-01   1.0783554e-01  -1.0898226e-02   8.8035932e-02   7.4306677e-02  -1.3877849e-01   8.9391848e-02   2.4655024e-02  -1.1490889e-01   8.2476632e-02  -1.2739766e-02  -1.0940437e-03
   8.3172763e-03   5.9375881e-03  -9.1137197e-02   5.7367620e-03  -5.3406100e-03   9.3082419e-03  -6.2011433e-03   1.4309133e-02  -2.9657668e-03  -6.5255365e-03   1.8432027e-01  -1.2112383e-01   5.5022346e-02  -5.5197456e-04  -1.7884826e-03   3.7672675e-02  -2.6905441e-02   7.4685732e-03  -2.8792814e-02  -5.4345133e-02   5.3410113e-02  -4.2499707e-02   3.5407502e-02   5.4085343e-02  -2.3739258e-02   7.7906384e-03   3.2179528e-03   1.3004710e-02
   2.6460530e-02   1.5462671e-02  -1.0654562e-01  -3.4950360e-03  -1.4357427e-02  -5.0050369e-03  -5.2403179e-02  -4.4404032e-02   2.1038607e-01  -2.0905425e-02  -3.5288818e-03   1.3132745e-01  -3.5249380e-01  -7.6760108e-02   7.4818494e-03  -1.8050534e-01   3.1300764e-01   2.3219571e-01  -4.1234813e-02   6.2938821e-02  -2.4473143e-01  -2.7434958e-01   5.4813608e-02  -6.3284794e-02   7.8689332e-01  -2.1145747e-01  -9.3188632e-03   9.1505224e-03
  -1.5293327e-02  -1.2193964e-02  -2.4450133e-02  -1.8559525e-02   4.1673410e-01  -5.1474748e-02  -2.0375073e-02  -3.5450934e-02  -3.9513982e-01  -4.5416195e-02   1.2031765e-04   4.8140319e-03   2.1022095e-01   4.6491311e-02   3.2698613e-03   3.5599597e-02  -8.1467157e-02  -1.0009641e-02   1.0419751e-02  -4.0471466e-02   3.6043515e-02  -2.3423476e-02   1.5563438e-02   4.7566027e-03   4.0143516e-03  -7.9853707e-03  -1.6209541e-02  -9.2832565e-03
   4.6602969e-03   1.0157728e-03  -1.4953226e-02  -3.0371933e-03  -9.7271297e-03  -2.8647014e-03   1.0622112e-02  -1.3286710e-02   3.5589265e-02   3.0416190e-02  -6.4526692e-03  -3.6941987e-03   1.4179822e-02  -9.4581487e-02   5.5282983e-03   7.5113002e-03   1.9236726e-02   7.1989738e-02   4.4037237e-01  -2.7917594e-01   1.6856829e-02   2.9417524e-02  -3.5884114e-02  -7.7468566e-02  -1.9804513e-02   6.3053992e-02   1.0462289e-02   1.0736202e-03
  -4.1276001e-03   6.5760042e-04   8.8908223e-03  -4.1949331e-03  -2.4261405e-03  -4.2085822e-03  -7.1866890e-03  -8.5889116e-03   1.8209597e-01   2.0667535e-02  -1.5521212e-03   1.0844211e-02  -6.8009607e-01  -3.8934816e-02  -3.9084188e-03  -1.1001247e-01   9.5436077e-01   7.2018545e-03   1.4565421e-02   2.2814344e-02  -2.8068053e-01  -1.0294299e-01   4.2198500e-02   7.3032091e-03  -2.1098246e-02   2.8280267e-02   8.6704518e-04   1.4365069e-03
   4.4070656e-03   4.8678441e-04  -1.2704237e-02   3.0183709e-04  -1.4115354e-03   1.7498314e-03   8.8705354e-03   1.0025595e-02  -6.4227558e-02   5.3164254e-02  -1.5140508e-03   4.0794371e-02   2.3478490e-01  -1.2127125e-01  -4.2473283e-03  -8.6167722e-02  -6.6491048e-01   2.5036327e-01   1.0081855e-02  -4.1282709e-02   8.3623751e-01  -4.1354741e-01   1.0502279e-01   1.2169017e-01  -3.4980781e-01   1.1492458e-01   6.5677757e-04  -3.2254370e-03
   6.9310109e-02   2.2378901e-02  -2.2162467e-01   8.2438949e-03   5.5234481e-02  -4.1171154e-03   1.0714332e-01   1.7798376e-02  -1.2547454e-01   1.1942676e-02   5.9931619e-03   3.3586667e-02   3.3446103e-02   4.3777137e-02  -1.3136747e-02   6.9475873e-04   3.8909015e-02  -9.0333164e-02   1.3486859e-02   2.4427499e-02  -6.0205171e-02   8.0273342e-02  -2.6466009e-02   1.0716552e-02  -3.6723635e-02  -5.4762628e-04   1.2332990e-01  -1.3142571e-02
   6.4186396e-05  -3.6789520e-04   7.3954465e-03   2.1556976e-03  -8.3699751e-05   5.9207580e-03   9.8276865e-03   1.3339540e-01   1.9208203e-02  -1.1039321e-02  -5.0969145e-03  -7.7211624e-01   8.4196457e-02   7.5124475e-02  -3.4667589e-03   1.0702746e+00  -1.8872741e-01  -1.5545507e-01  -3.2805203e-02  -3.8601477e-01  -9.1580759e-03   1.0834697e-01  -1.9325986e-02   3.2512105e-03   1.0387321e-01  -4.8638685e-02   3.8407038e-03   9.6674566e-04
  -3.5009161e-03  -1.0718702e-03   2.7680545e-02  -4.8751658e-04   2.2020589e-02   2.0019716e-03   1.0855694e-02  -9.3592419e-02  -9.5782141e-02   1.3398913e-02   1.9400854e-03   4.1629195e-01   1.8988765e-02  -6.6170537e-03   5.2450989e-03  -8.5942738e-01   1.6968303e-01  -8.1056185e-03  -1.2201022e-01   9.2320936e-01  -3.7958105e-01   6.5564113e-02  -4.5087814e-02  -1.8489810e-02  -9.5278499e-02   3.9465133e-02   3.4713044e-03  -4.4255087e-03
  -1.2879237e-02  -1.2270363e-02   1.8079078e-01  -2.5465640e-02   2.0825832e-02   8.3994789e-04   6.6208888e-02  -6.2835666e-01   1.7245084e-01   3.9794287e-02  -4.9024001e-03   4.1679633e-01  -4.1714585e-02  -1.5218626e-02  -2.7381501e-03  -2.5288799e-01   4.3981807e-02  -8.7828515e-03  -1.2300257e-02   1.1333161e-01  -5.5342367e-03  -6.7466444e-03  -8.3889045e-03  -5.2195803e-03  -4.8008468e-05  -9.0505351e-03  -2.2063904e-03   5.3210971e-03
   3.7114112e-03   1.4633585e-03   8.7240949e-04   2.0488939e-03  -8.8088317e-05  -8.8129504e-03  -2.2934749e-02  -2.1720828e-02  -6.0452983e-02   1.7891334e-01  -8.2835742e-04   6.9199495e-03   1.5105246e-01  -5.4584932e-01  -3.2005479e-03   2.3688432e-02  -2.6359332e-01   8.5196771e-01   5.7377954e-03  -3.5660808e-02   6.6317527e-02  -3.5975816e-01  -1.1057476e-03   3.9233545e-03   1.4695848e-02   1.4340533e-02  -5.8724393e-03  -3.2432487e-03
   3.0863802e-02   3.3631017e-02   1.3770623e-01  -4.5360335e-03   6.1695445e-02   9.0213027e-03  -1.8124582e-01  -6.5059400e-02  -2.6738780e-02  -1.1660662e-01   1.0193903e-03  -6.8340653e-03   9.5110528e-02   2.3555891e-02   1.2953884e-02   4.2552217e-02  -7.6845313e-02   3.9999553e-02   1.6454312e-02  -4.0160372e-02   3.4123122e-02  -3.4524554e-03   3.4058987e-02  -5.2550079e-03   4.7003458e-03  -2.7197447e-02   1.4450048e-01   5.0492719e-03
   1.3087496e-01  -1.5025762e-01  -3.2765426e-02   1.2605049e-03   2.1534859e-03  -3.2628648e-02   6.6593224e-02  -2.0499664e-02  -3.7048098e-03   5.8210872e-02  -8.1314565e-04   1.0453419e-02   2.3007552e-03  -3.0514859e-02  -1.3445924e-03  -2.9332643e-03   2.2028156e-03   8.6701219e-03   4.0600837e-05   1.0939256e-03  -1.6394406e-03  -5.4390250e-04  -6.9266000e-04   8.9961322e-03  -1.4392461e-02   7.2850321e-03  -7.8111186e-03   5.5674783e-03
  -1.6423476e-02  -1.8136875e-02   6.0155455e-03  -2.6203660e-03  -1.0957827e-02   6.3326144e-02   1.4669525e-01   5.3233174e-03   1.4985338e-01  -4.0946684e-01  -3.5655918e-04  -3.9114307e-02   8.4556840e-03   1.5124129e-01  -8.7151201e-03   2.7655608e-02  -1.5841606e-02  -5.2240349e-02   7.8523349e-03  -6.3102806e-03  -7.9962210e-04   4.7466071e-02   2.8552689e-03   7.7522145e-03  -7.9241183e-03  -1.6442190e-02  -9.3908314e-03   9.7304957e-03
   4.2221560e-03   1.0836001e-02  -1.1145746e-02   2.7002669e-03   6.7630341e-04   3.3764001e-03  -1.0064184e-01   1.1459956e-02   1.0757382e-02  -3.2135331e-02  -2.7537779e-03  -4.1413028e-02  -1.2989781e-02   5.6535594e-02   2.1008920e-01   3.7299403e-02   5.1816010e-02  -1.8173372e-01   7.9292241e-03  -3.0272449e-02  -5.4052915e-03   9.3294478e-02  -6.4476893e-02   3.6995827e-02  -4.4719488e-02   3.6740927e-02   4.4806598e-03   9.2404965e-03
  -1.9912759e-04   1.4519440e-03  -4.8668646e-03   1.5053747e-03   2.1091822e-04  -2.6110179e-03  -6.3164278e-03   2.7905623e-02  -5.9893115e-03  -2.4963978e-02  -2.0948589e-03  -6.9313779e-02   5.8631058e-02   4.0166007e-02   2.9710225e-03   1.4654113e-01  -1.0445481e-01  -5.3362291e-02  -7.3733370e-02  -1.8879881e-01   1.2363039e-01   8.9185897e-02  -5.2945754e-02   6.5574913e-01  -8.5201969e-01   2.5732107e-01  -2.9252984e-03   2.2106316e-04
   7.6352872e-03   6.6026404e-03  -3.3851496e-02  -7.5207568e-03   1.0887649e-02   5.0194036e-03  -1.1126821e-02  -3.1489756e-01   3.7010694e-02  -7.3991461e-03   1.3283178e-02   7.3189605e-01  -1.8406746e-01  -6.9843825e-03  -1.4101713e-03  -3.4875198e-01   5.8004407e-02   1.5582257e-02  -6.8797460e-03   3.6966880e-02   9.1020857e-03   3.7639953e-03  -1.1644217e-03   1.7561614e-02  -2.3637762e-02   2.6386175e-03  -1.0262492e-03   4.3902811e-03
  -9.5543857e-02  -2.4111392e-02  -4.2133152e-02  -4.8220173e-03  -1.5146525e-02  -1.3399373e-02   1.3499027e-01  -2.0078511e-02  -1.1606311e-02   2.7693605e-02   1.5345948e-03   2.5738821e-02   2.7762992e-03  -1.7247058e-02   1.9725619e-02  -7.6087315e-03  -7.3872871e-03   1.4416837e-02  -5.2853290e-03  -1.1260930e-03   1.0307857e-02  -2.5791773e-02  -2.9198905e-03  -3.2358068e-03   4.7559200e-03   6.5508052e-03   3.2806446e-02   1.7457878e-01
  -1.6574069e-03   3.7762884e-04   6.2056621e-04  -5.5605787e-04   1.2451705e-02   2.5058604e-02  -2.9812725e-03   3.1708359e-02   4.4349318e-02  -3.2511786e-01  -3.9134130e-04  -2.7804756e-02  -1.1906466e-01   5.8699057e-01   3.9617840e-03  -1.4981770e-02   1.0307806e-02  -2.8773214e-01  -3.0942172e-03   1.9931121e-02  -4.8489421e-03   8.4790020e-02  -2.2273590e-02   1.9422725e-03  -4.9051983e-03  -3.9816936e-03   1.9830635e-03   2.7505502e-03
   1.2383047e-02   4.0080155e-03   2.5884652e-02  -1.8849766e-01   2.3724879e-02   9.4584040e-03   1.6126826e-03   2.0241948e-01  -1.6676292e-02  -7.0467854e-03  -6.8427874e-04  -1.0472857e-01   1.2961644e-02   7.5930084e-03  -5.5680053e-04   3.9250697e-02  -6.3184206e-03  -1.0278939e-02  -1.4864164e-03  -1.2497170e-02   4.8061756e-03   5.2257675e-03  -4.6554490e-04   5.4842033e-03  -5.7215612e-03   1.0918784e-03   1.4905580e-03   2.5885450e-03
   7.2319825e-04  -1.5116055e-02  -3.2348175e-03  -1.5628056e-03  -4.6025843e-02   2.5766482e-01  -6.9706246e-02  -8.2629435e-03  -9.5128270e-03  -1.9892795e-01   5.6018200e-04   2.1570562e-02   1.5566647e-03   9.5187606e-02   7.1403607e-03  -1.3036264e-02   1.5977509e-03  -3.1321284e-02  -1.9088856e-03   9.4913133e-03  -3.4351049e-03   4.4903805e-04   2.3541335e-03  -4.4322920e-03   9.5343034e-04  -1.9688602e-04  -1.0966612e-04  -7.4675627e-03
   1.1281933e-03   8.8572559e-04  -6.1680638e-03   2.3817043e-04   4.1427718e-03  -1.4326807e-03  -2.4524464e-03  -1.2215769e-02  -2.4770309e-03   1.0264957e-02  -2.8716406e-04   2.8046205e-02   4.1352885e-03  -3.1266192e-02   4.3901919e-03  -4.9841512e-02  -1.8883430e-02   8.7068301e-02   1.0581109e-02   5.8737076e-02   1.8139477e-02  -1.0669445e-01  -7.3359527e-02  -6.5320425e-03  -2.5937495e-01   3.5210023e-01  -1.3866488e-03   3.8316912e-05
