   9.1552785e-02   1.1060198e-01   4.5798487e-02   6.4247179e-01  -2.6852094e-01   5.9331564e-02   1.6739332e-02  -7.0014058e-01  -1.4309503e-01  -1.0483494e-02   2.8014659e-01   6.5890479e-02  -4.0024625e-02  -1.2797542e-02  -1.9384272e-01   2.0024794e-02   9.1692431e-02   4.2185089e-02  -2.6407710e-02   1.4523672e-01   1.1386831e-02   3.8546996e-02  -2.4094978e-02   1.7933324e-02  -8.9708969e-03  -1.1869904e-01   5.7467646e-02
  -1.9423625e-02   6.6537279e-02  -1.2588385e-01  -4.5948681e-01  -1.7476932e-01  -2.5121980e-03  -2.5368955e-02   1.2019330e+00   6.3156561e-01   3.8419678e-04  -9.4012120e-01  -1.2103579e-03  -5.8046990e-02  -3.6164914e-03   3.0591016e-01   2.8757054e-01  -3.9387765e-01   2.9708103e-02  -8.8260511e-02  -2.2663977e-01   8.0488936e-02  -5.3414689e-02  -2.8121771e-03   2.0582548e-02   9.7741390e-03  -4.6916688e-03   3.9378483e-03
  -1.8347605e-02   1.3207591e-02   1.7686160e-01  -1.2611121e-01   2.1107242e-02  -2.0125284e-02   1.5854163e-01  -3.5874524e-02  -4.3937635e-02   6.2687868e-03   2.6898113e-01   8.8018949e-03  -4.9247293e-02   1.6061406e-02  -2.9198827e-01  -8.8249827e-02   1.8483275e-01  -1.0681099e-01   1.7915454e-01   1.1402577e-01  -1.5425674e-02   1.1991257e-01   4.0229132e-02  -1.4988095e-01  -1.1344635e-01   9.0894840e-02  -6.6861164e-02
  -7.5290716e-03   2.2792071e-02   2.2074868e-03   2.3803086e-02  -9.4855673e-03   1.0941035e-03   1.8745174e-03  -1.3995024e-01   3.3207908e-02   1.7887714e-03   1.2719623e-01  -7.0688026e-03   2.0186496e-02   6.1480092e-03  -2.4176125e-02  -7.1713226e-02   2.5642530e-02  -6.5030720e-02   3.4429661e-02  -3.1211444e-03   7.3368589e-03   8.0685870e-03   3.7666357e-01  -3.4315712e-01   4.9377399e-02   1.1199845e-02  -3.5994204e-03
  -7.5098129e-03  -7.0708758e-03  -1.1308918e-02  -8.5941472e-02   5.5658180e-01  -6.1230273e-02  -4.1321412e-02  -2.3444216e-01  -3.6012404e-01   2.7161896e-04   2.0744810e-01   5.9634442e-02  -4.4176330e-02   1.7430696e-03  -8.2553474e-04   5.0651137e-02   4.6455766e-02   7.3058205e-03  -5.3671258e-02   3.4148951e-04  -1.9816110e-02   2.1965929e-03   3.3559907e-03  -4.1515394e-03  -1.5488692e-03   7.4905914e-03   2.4155365e-03
  -1.0160433e-02   1.5552115e-02   3.1233882e-01  -1.1726108e-01   6.9269304e-02  -3.6650807e-03  -9.1385559e-02   1.4750341e-01  -7.9592494e-02  -2.7528306e-03  -1.7829664e-01   2.1997575e-02  -2.8644359e-02  -6.1296484e-03   4.1854179e-02   1.9047736e-01  -2.5276168e-01   1.7514047e-02  -6.7883046e-02   1.4073209e-02   3.8427039e-02  -6.1863226e-02   6.3080883e-03  -2.2610638e-03   3.4751765e-02   6.5039685e-02   1.0050522e-02
   9.9036570e-03   4.4481427e-02   1.1320733e-01   1.3810824e-01  -1.0412117e-01   1.4228676e-02  -3.0722255e-01  -3.3995197e-01   1.6963320e-01  -1.5662271e-03   2.7385593e-01  -5.7508784e-02   5.4696401e-02   1.2651639e-04  -2.6408188e-01  -1.3103150e-01   4.2747648e-01  -6.3823469e-03  -1.5446650e-02   1.4393115e-01  -6.4114871e-02   8.9481376e-02   5.7289239e-03  -2.4289072e-02  -5.9241588e-02   1.4091860e-03   4.8158886e-02
  -6.2614155e-02   2.1146741e-01  -6.1862458e-02   8.2098617e-04  -6.1550758e-03   8.9325164e-03  -1.5432169e-01  -2.3750980e-01   3.9835461e-02   5.0619427e-03   3.2778592e-01  -3.0021967e-02   3.9608055e-02   1.3615906e-04   1.3182412e-03  -4.4952578e-02  -3.8993634e-02  -3.7565582e-02  -1.2330792e-01   7.4981826e-02  -5.1507774e-03  -2.1943764e-02   1.0495593e-02   1.1158743e-02  -1.6858433e-02   2.6265765e-02   1.2849862e-02
  -2.5450221e-03  -3.8467383e-04   3.8555274e-02  -1.8618677e-02   3.7065242e-03  -2.1485065e-03   2.4803905e-02   1.1876677e-02  -1.8591509e-02   6.5473516e-04  -1.2010492e-03  -2.9167596e-04   1.3185339e-02   3.8313091e-03  -2.2400500e-03   1.3075352e-02   5.5258879e-02  -1.6373439e-02  -3.2979221e-02  -3.9621442e-02  -2.6862823e-02   4.9338442e-02  -1.8824546e-01   5.7843691e-01  -3.1239099e-01   1.7594858e-02  -5.3381710e-03
   3.0087785e-03   7.4412579e-03  -2.8637957e-02   1.4302968e-02  -2.9436700e-03   1.0971046e-03  -1.2491176e-02  -6.4211554e-02   1.6559222e-02   1.9123146e-01   2.8043750e-02   4.3901887e-03   3.3128683e-03  -2.6611734e-02  -1.7111557e-01   8.0179532e-02  -1.3000348e-02  -2.9861915e-02   1.5914403e-02   8.6193958e-03  -3.6102410e-03   3.4022224e-04   4.5638000e-03   8.5619216e-04   1.1102509e-02  -4.4085168e-03  -2.9601369e-02
   1.1191620e-01  -1.6058039e-02  -2.3815600e-01   3.9061677e-01  -7.5927045e-02   7.2304689e-04  -3.9310833e-02  -3.4176113e-01  -6.1255132e-03  -1.0475805e-04   2.6141908e-01   4.0801370e-04   4.4703849e-02  -5.0875362e-03  -1.4841634e-01   8.6192447e-02  -6.6460413e-02  -3.2178692e-03   6.8990012e-02  -8.6920937e-02   3.4193827e-02  -9.7676453e-03  -2.8009289e-03   5.8747971e-03   4.1499415e-03   5.0436334e-02   6.9291731e-03
  -7.5553525e-03   1.5216653e-02   3.6577327e-02  -4.0394350e-02   1.5104554e-02  -5.4666191e-03   2.8325139e-02   1.0620871e-03  -1.6705327e-02   5.3354765e-03   3.7849420e-02  -6.2071034e-03   1.5567826e-02   3.8006976e-03   1.1222650e-01  -2.9458963e-03  -2.7801858e-02  -3.4181553e-02  -1.1487339e-01  -3.4615832e-02  -1.6503343e-02  -8.3550254e-02   5.0259274e-02  -1.7543575e-01   4.5267662e-01   2.2290119e-02  -5.2743334e-03
  -9.3229475e-02  -1.9830852e-02   1.0027664e-03   4.8866673e-01  -9.2539813e-02   3.5264841e-03   3.0114657e-02  -3.1300075e-01  -7.5553484e-02  -1.4274594e-04   1.4419554e-02  -1.4427417e-03   1.5827540e-02   2.8999023e-03   3.1735376e-03   1.1118483e-01  -1.8131258e-02   3.5822629e-03  -1.7186065e-02  -3.9317599e-02   1.1630985e-02   7.7392727e-03   1.8825766e-03  -7.8835778e-04  -3.2681569e-03  -2.4171823e-02  -1.6909251e-03
  -1.9514557e-03  -2.6295557e-03  -9.2954059e-03  -3.4865283e-02   2.1330573e-02   1.5603202e-03   5.6611212e-02   1.8171123e-01   7.4625714e-03  -5.9579227e-03  -3.3440139e-01  -1.1554762e-02  -4.1885492e-02  -2.6976078e-03   1.0906615e-01   4.1218887e-02  -3.3758048e-01  -1.0905797e-02   3.3676067e-03   4.3691732e-01   3.4395764e-02  -4.9086712e-02  -3.6452690e-02  -1.6575603e-02  -5.9395540e-03   6.2599188e-03  -1.0451162e-02
   8.0546949e-03  -2.8694256e-02  -1.7290352e-03  -2.7025202e-02   2.6301465e-02   4.1488013e-04   2.1796362e-02   1.6521443e-01  -1.0308098e-01   8.4596704e-03  -1.0735799e-02  -5.8673084e-03  -1.8851266e-02  -5.0989125e-04   2.6838198e-02   2.5519305e-01  -1.4751570e-01  -7.4831594e-03  -6.5597020e-01   2.7911344e-01   3.2706574e-02  -3.8203539e-02   1.1321865e-01  -5.4298757e-02   2.3688841e-02  -8.1836334e-03   1.0680567e-03
   8.3012754e-03  -2.1838007e-02  -7.3144924e-02  -4.1815292e-02   4.9993471e-02  -1.8135450e-03   4.0044096e-02  -4.9885308e-02  -3.3810872e-01   2.6100026e-02   7.1638841e-01  -5.6743696e-03   1.2062422e-02  -3.0015214e-04   1.8388070e-02  -1.9373578e-02  -7.5772875e-02   1.8609511e-02  -3.9563096e-01   1.5424180e-01   7.2447727e-03  -6.8751545e-03   2.2288033e-02   4.4255817e-03  -1.6456441e-03  -1.2466991e-02  -6.7224134e-03
  -3.2535676e-03  -3.8034221e-03   2.4191703e-02  -1.7515462e-02   3.8649879e-03  -6.4768630e-03   4.0283578e-02   3.5555501e-02  -1.8616783e-02   7.7516237e-04  -3.2925722e-02   2.9629910e-03   2.6856704e-02  -1.8548434e-01   4.8152927e-02  -7.2390936e-02   1.6399147e-01  -2.5662534e-02  -8.8100069e-03  -1.9461014e-02  -6.0721444e-03   1.0290579e-02   9.8686511e-03  -1.0691105e-02  -1.0385189e-02   6.7029193e-03  -3.0477417e-02
  -3.2297700e-03   5.2960074e-03  -3.6694555e-03  -1.5811853e-03  -7.1627483e-03   4.1875172e-03   4.2851317e-03  -3.1986420e-02   3.2538338e-02   2.6046700e-03   4.7786154e-02  -1.6228624e-02   6.0115504e-02  -2.1005721e-02  -9.8349964e-03   5.1762826e-02  -2.0081991e-01  -7.4615266e-03  -3.2413693e-03   5.1451240e-02  -8.5113298e-02   1.9758969e-01  -2.2085825e-03   1.5053230e-02  -3.3497529e-02   1.4903805e-03   1.0047528e-02
  -1.0155998e-02  -2.1194760e-02  -1.0313397e-01  -3.9048610e-02   2.1704526e-02  -1.2104602e-02   1.7412879e-01  -2.2431552e-02   1.4070811e-02  -2.7726358e-03   6.0270033e-02   5.3550296e-03   1.3722667e-03   5.9340721e-03  -1.2076843e-01   1.6487738e-02  -1.4984145e-02  -2.0250320e-02   6.8861144e-02   3.0890075e-03   9.9414154e-03   8.1524241e-03   4.2522326e-04  -1.0693255e-02   3.5598031e-03   5.6518075e-03   1.6983076e-01
  -4.5239971e-03   2.6843349e-04   1.6977781e-03  -6.1728098e-02  -3.9971567e-02   2.1753118e-01  -7.0790508e-02   2.1510073e-02  -5.3414176e-02   8.2694170e-04   3.3811848e-02   7.6456290e-03  -4.3977204e-02  -1.2345035e-04  -3.1553955e-03   1.6898837e-02  -3.9624572e-02  -2.1219162e-03  -1.2209378e-02   6.1396833e-03   2.7888289e-02  -3.4785712e-03   7.6028441e-04  -2.5213866e-03  -1.5477237e-03   7.0906042e-03   5.0085522e-03
  -4.2373464e-03   7.0595886e-03   1.7437906e-03  -1.1453723e-02  -1.8894989e-03  -2.6392073e-03   1.9665322e-02   2.0712827e-04   3.2271154e-03  -1.1034547e-02   1.6543026e-02  -5.0026716e-03   1.8708324e-02   2.8389949e-04   9.3774645e-03   1.5647087e-02  -1.9823857e-02   2.3659526e-01  -2.7899853e-01   1.2377641e-01   1.9235933e-03   3.4583029e-03  -1.5662438e-02   6.3572551e-03  -9.9475913e-03   9.0205284e-03  -5.6830101e-03
   2.9754347e-04   1.7286483e-02  -2.8726370e-02  -7.0703307e-02   8.8255833e-03  -4.0717550e-04  -1.6133132e-02   3.5046885e-01  -6.4691955e-02   9.1328337e-04  -4.3070220e-01   2.0985605e-03  -2.1689540e-02  -1.6683732e-03   4.3950250e-01  -1.5076239e-01   1.0398674e-01   1.3078432e-03  -2.2478934e-01   9.6883085e-02  -1.7310278e-02   1.4532908e-02   1.1959224e-02  -3.2857080e-03  -1.0758574e-02   2.8049890e-03   5.0660449e-03
  -2.1958172e-03   5.5352246e-03   8.3188662e-03  -3.6654331e-02   3.5186900e-02   9.5903494e-04  -3.4813252e-03   1.7480690e-01  -1.5816068e-01  -4.1517406e-03  -2.6512104e-01   2.6167736e-03   1.8518633e-03  -5.4379335e-04   6.4354800e-02   4.5909512e-01  -4.9931987e-02  -2.0379364e-03   1.9365083e-02  -2.8202017e-01   1.8371347e-02   4.2164178e-04   2.9361949e-03   4.1393254e-03   5.8796611e-03   2.4682340e-03   8.0824007e-04
  -1.3158159e-03  -4.0012572e-04   5.7868335e-04  -2.5209011e-02   1.4728146e-02   8.8865043e-04   1.8707352e-02   1.9391297e-02   6.4814452e-03   1.2573798e-03  -7.3923093e-04   2.0008522e-02  -6.3401829e-02  -1.0980944e-02   5.4984821e-02   6.0687687e-02  -1.9866566e-01   9.3340319e-04  -5.1855009e-02  -9.4867951e-02   2.6175934e-01   1.3702555e-02   3.2957457e-03   5.7398915e-03  -3.0043316e-02   2.4350218e-04  -2.7015235e-03
  -1.1626736e-03   9.8357998e-04   2.9958812e-03  -3.1182410e-03   2.9879740e-02   1.0949394e-03  -6.0661802e-04   7.3173650e-03  -1.1753571e-01  -9.9908849e-04  -1.9561485e-02   2.3803979e-01  -4.8137145e-02  -1.5326036e-03  -6.8950228e-03  -1.9666104e-01   7.2683346e-02  -2.8601688e-03   2.4746079e-02   4.8015106e-02  -2.6697658e-02  -1.1412036e-04  -1.9354107e-03   3.3965934e-04   1.2785034e-03   5.2742128e-04  -7.2755897e-04
   1.9451744e-03  -1.3922326e-03  -1.4827686e-03  -1.5957207e-02   6.1382044e-03  -5.9237717e-03  -1.6959919e-02   7.7143970e-02  -6.3663054e-02  -2.6027610e-04  -9.4489390e-02   2.9636116e-03   2.4935040e-01   9.3790070e-03   6.0449896e-02  -3.1848312e-04  -2.7730077e-01   1.5080666e-03  -1.2361459e-02   1.3227999e-02   7.3820885e-02  -1.6554817e-03  -3.8838242e-04  -1.3819268e-03   1.2566037e-03  -1.7076020e-03   3.2308163e-03
   9.1512638e-04  -7.3725663e-03   1.1089508e-02   7.4798825e-02  -2.2003638e-02   4.0395512e-04   6.4817197e-03  -1.9550310e-01   1.0824431e-01  -2.3255647e-03  -1.3319327e-01   1.8013300e-03   4.5210637e-03  -1.6788446e-05   4.2839186e-01  -7.5241032e-02  -3.6843522e-02  -6.9675164e-05  -2.2437795e-01   2.9388055e-02   1.4528484e-02  -2.6551432e-03   1.1002053e-02   1.1256881e-04   3.4316017e-03   6.0035763e-05  -1.3243399e-03
