  -1.9432167e-01  -8.7871702e-02   4.7685876e-02  -4.1194160e-02   1.0301614e-01  -8.5284855e-03  -2.7688655e-03  -1.8142532e-01   2.2431302e-01  -9.1849197e-02   1.1823372e-02   1.2905704e-01  -9.0106907e-02   6.4501217e-03   6.3392044e-03   2.1829911e-01   3.7477911e-02   1.7585808e-01   5.8802940e-02  -3.9994419e-01   8.9251040e-02  -2.0727230e-01   2.0410501e-02  -1.0813735e-02   6.4314641e-02  -2.9045784e-02   1.1073212e-01   1.5494917e-02
  -2.5506999e-03  -2.1285032e-03  -1.8492825e-03  -1.6003846e-02  -2.6300563e-01  -1.5815127e-02  -3.1042369e-03  -1.2731295e-01   1.0068879e+00  -9.6831164e-02  -8.6943402e-03   8.9370248e-02  -5.2174188e-01  -4.1584795e-02   2.0623779e-03  -1.5161229e-02   1.0038148e+00  -6.1819881e-02   2.6218230e-02  -5.4447468e-01   1.3776102e-01  -2.0903699e-01  -6.0126635e-03  -1.5075724e-03   3.1379021e-02  -3.2743096e-03   2.2042148e-02  -1.2842399e-02
  -2.7828517e-03  -1.8463884e-02  -6.9841778e-04  -2.5553741e-03  -2.5596222e-02   1.8027873e-01   1.6045769e-03   2.4301132e-02  -8.4207393e-02  -9.2856987e-02   2.6463124e-03  -1.4972217e-02   6.4611935e-02   1.6533300e-02  -6.2698816e-03   3.1321993e-03  -3.3619139e-02  -1.7010147e-02   2.4405838e-03  -8.9554828e-03   4.1610668e-02  -2.3018530e-02   1.2059398e-02  -2.9692475e-03   9.6782078e-03  -4.5187310e-03   2.2060775e-03   9.1270847e-03
   1.0456874e-02   1.4106919e-02   2.4108525e-02  -3.7402574e-03   9.7612118e-03  -3.0745079e-03  -3.7904385e-02   1.9630559e-02  -5.8784688e-02   6.8255583e-03  -9.9582068e-03   3.2959515e-02   1.2293066e-01  -2.4572793e-01   1.2330609e-02   4.0746740e-03  -1.0801196e-01   3.0682947e-01  -1.6591061e-02  -7.3951644e-02   1.0032946e-01  -1.1128881e-01   1.0040115e-02  -7.2810303e-03   8.8035795e-03  -7.0021202e-03   8.1839293e-03   2.1586585e-01
  -2.8337020e-02  -1.1833010e-02  -1.2968659e-02  -6.9793928e-03   4.6080036e-01  -1.1140804e-02  -1.0612984e-02  -2.9293892e-02  -4.7848784e-01  -1.4797442e-02  -2.5008539e-03  -4.7571445e-02   1.6744928e-01  -2.4830865e-02  -2.6537170e-03   1.1336074e-01  -3.0886744e-02   5.4876321e-02   2.8228706e-03  -6.8925878e-02   2.7177661e-02  -4.2596534e-02   4.4236263e-03  -7.5760801e-05   6.7302790e-03  -1.0801710e-04   4.8940494e-03   1.5262344e-03
   1.5457975e-01   4.0812615e-02  -1.9591577e-02  -1.5700733e-02   4.3765137e-02  -3.9544159e-03  -3.4474469e-03  -6.6201897e-02   4.5137853e-02  -1.1765331e-02  -8.0615675e-03  -2.3214315e-02  -1.7179782e-01   7.4361673e-02  -5.3683684e-03   9.2413950e-02   3.5439437e-02  -1.1033803e-01  -2.0099114e-02  -1.6866622e-02   8.8825351e-02   3.2039451e-02  -3.4636991e-03   3.4677641e-03  -1.0635468e-02   4.9730919e-03   1.3912483e-01  -1.7120020e-02
  -1.3810178e-01   1.5297784e-01   1.2438506e-02  -6.4026592e-03  -4.0543870e-04  -1.1329922e-02  -8.4991919e-03  -7.0675084e-03   3.7706136e-02  -4.7901274e-02   1.9936979e-03   1.3720091e-02  -6.0133150e-02   3.5948207e-02  -1.1845273e-03   3.3278560e-02   6.0639729e-02  -2.1266080e-02  -4.9160932e-03  -5.4407894e-03  -6.2501820e-02   2.6066263e-02  -2.0197390e-03   1.5006204e-04   5.4678365e-03  -2.7954233e-03   5.5819387e-03   2.3455752e-02
   1.4362649e-03  -3.2932454e-04   3.9709486e-03  -6.6313006e-04   1.5287728e-03   1.1036767e-03   2.7081359e-03  -1.3328040e-02  -3.4777140e-02   4.1468243e-03  -6.1936086e-03   3.1855754e-02   3.8765960e-02  -6.5405654e-03   4.0830660e-03  -4.1814446e-02   4.9472220e-02  -3.8923073e-03   3.4573629e-01  -2.4810833e-01   3.7363998e-02   2.5086522e-02  -1.8828062e-02  -1.0049527e-01   7.1655626e-02  -3.2710516e-03   3.2957644e-03  -1.1863760e-02
  -9.2782588e-04  -7.7330947e-04   5.6639537e-03  -7.3537498e-04  -1.2622363e-02  -9.4096364e-04  -1.0956517e-03  -1.1141520e-02   1.3574920e-02   7.4592459e-03   1.0484260e-03   7.1908260e-02   1.1481585e-02  -6.3741329e-02  -3.9241879e-03  -1.2988301e-01  -2.4788190e-02   2.6194577e-01  -4.8449429e-02   9.2472173e-02   2.1198154e-01  -6.0282281e-01   2.9694664e-01   1.9974961e-02  -3.7538926e-02   2.8514029e-02   2.7227021e-03   7.5573689e-03
  -4.0895011e-02  -1.2087687e-02   2.1058873e-01  -2.1627983e-02   2.3333518e-02  -4.3528823e-03  -1.9846964e-03   1.5086007e-01  -1.2517930e-01  -2.9416256e-02  -2.0018409e-02  -1.5974721e-01  -1.8835658e-02   1.4899827e-01  -4.8062098e-03   3.2448304e-02   2.7375592e-02  -1.1808811e-01  -1.7319675e-02   4.5940476e-02   2.5362834e-02  -6.6829023e-04  -2.3979127e-03  -2.2930928e-03   6.7080837e-03  -4.1976865e-04   1.5093332e-03  -9.6799423e-02
   3.3416764e-03   1.4393494e-03   1.9006613e-03  -8.0175784e-04  -1.5393222e-03   3.5561255e-04   1.8208305e-03   2.9789558e-03  -3.6494412e-02   1.3957600e-02  -2.3434324e-04   2.7736497e-02   1.1253124e-01  -6.7310598e-02  -5.3535748e-05  -1.1115527e-01  -7.6367440e-02   1.9931427e-01  -3.5260437e-02   1.6881644e-01  -9.8386810e-02  -2.2579506e-01   6.1872591e-03  -2.2319604e-01   6.1721230e-01  -2.0565673e-01   2.9181949e-03  -1.1470886e-03
  -3.6960270e-03  -1.6059506e-04   3.1487210e-03  -8.1853331e-04  -1.4602613e-02  -3.6624880e-03   5.8995923e-04   6.4118479e-03   1.7870062e-01  -5.4990776e-02   2.6437692e-03  -8.4560494e-02  -2.8102824e-01   2.8840343e-01   1.2351421e-03   1.7321161e-01   2.6740641e-01  -8.6673430e-01  -1.5687911e-02  -5.8615132e-02  -4.5707701e-01   1.1004200e+00  -9.6030110e-02   2.6014757e-02  -1.1361592e-01   1.2268009e-01  -3.4051402e-03  -2.6624681e-03
   4.2630273e-03   9.4952948e-04   1.0560153e-02  -7.0046339e-04  -3.0310913e-03   7.2287100e-04   1.8898082e-02  -5.8861480e-03  -1.1613759e-02   5.2232816e-02   6.2571539e-03   2.1907818e-02   5.3550942e-02  -1.8184204e-01  -1.8505622e-01   1.8409910e-02  -1.0594729e-01   3.3831793e-01   8.3883377e-03  -1.5683994e-02  -8.8198055e-03  -8.2692412e-02   3.2850468e-02  -3.3348237e-03   2.1542310e-03  -7.9183778e-03   5.9043546e-03  -2.7581998e-02
  -1.9111464e-02  -2.7756361e-02  -2.7704651e-02  -5.2887938e-03   5.7416498e-03  -8.8684394e-03   1.8437048e-01   3.5795122e-03  -3.6455731e-02   1.6360000e-02  -1.8898859e-02  -4.6706148e-02   1.8876743e-02  -7.7843545e-05  -3.2472185e-03   5.6781207e-03   8.4283770e-03  -3.2891153e-02  -1.1960362e-02   2.8114236e-02   7.0424046e-03   9.3241793e-03  -3.7500780e-04   2.8224823e-03  -4.1657447e-03   3.4516904e-03  -5.7124064e-03   1.1715083e-01
   1.5431786e-03   5.4752013e-04   4.1352674e-03  -1.3864481e-03  -5.4343088e-03  -3.0862300e-04   1.4750633e-03  -2.7259377e-03   1.3131398e-02  -3.0341913e-03   3.5759572e-03  -2.9546146e-02  -7.0433833e-03   1.0175002e-02   4.0280927e-03   1.8650371e-01   3.9033039e-05  -4.4964092e-02   6.7459367e-02  -3.6073659e-01   8.2400434e-02   6.9197216e-02  -5.9730778e-03   3.7831497e-01  -3.4492491e-01   7.7684642e-02   4.0835574e-03  -3.9347589e-03
  -2.4041298e-02  -1.0440464e-02  -1.9319247e-03   5.5556406e-02  -5.0251829e-03   5.5466915e-03   5.7312622e-03   5.1605451e-01  -2.6877166e-01   1.5606163e-02  -9.1461614e-03  -4.6506804e-01   4.8455311e-02   3.3837492e-02   5.2791418e-04   8.4220355e-02   8.6496046e-02  -2.0778635e-02   5.7442107e-04   1.0840511e-02  -3.3484341e-02  -1.1778447e-03  -2.8669297e-03   1.7725630e-03   3.0179995e-03   2.6410173e-03   9.7178568e-04  -2.0887167e-02
  -4.5426813e-03  -2.9242841e-03  -9.3787724e-03   9.5651496e-04   1.0318423e-02  -1.3155447e-03  -1.8626602e-03  -2.3673702e-02  -4.7740900e-02  -1.0487649e-02   1.9519955e-01   8.6094989e-02   7.6566710e-03   3.8926782e-02  -3.7576909e-03  -3.0744702e-01   1.1114770e-01  -3.5763613e-02  -5.1816803e-02   1.0681287e-01   2.3358089e-03  -1.1773509e-02  -1.2393921e-03   6.4252100e-03  -1.2567076e-03   4.8942275e-03  -6.3905047e-03  -2.7287845e-02
  -3.2549910e-02   1.6201565e-02   4.2878451e-03  -6.1947996e-03  -1.3675101e-02   4.7103254e-02   1.7908273e-02  -5.1303565e-02  -1.4182311e-01   4.1890023e-01  -1.0884224e-04   3.7620805e-02   7.0948460e-02  -5.7363828e-01  -7.3015918e-03   2.2009076e-02   3.5781281e-02   2.9038110e-01  -1.2064719e-02   6.3787467e-03  -6.5311878e-02  -4.0686128e-02  -3.2835219e-03   4.2962691e-03  -3.7986951e-04   3.9161318e-03   4.6528653e-03   3.7126926e-02
  -5.9669837e-03  -1.7751282e-04  -8.1615821e-03  -1.8420110e-03   2.5833440e-02  -4.5388990e-03   2.8988948e-03   1.6374413e-02  -1.0130790e-01  -2.3297887e-01  -7.1795686e-03  -1.4738976e-02  -2.7107150e-02   9.5780986e-01   1.0054957e-02  -7.9854919e-02  -7.1438687e-02  -7.0611591e-01  -8.6260533e-03   9.0754786e-02   5.7061409e-02   1.2935887e-01   7.3453795e-03   8.0933686e-04  -7.9019236e-03   5.2011800e-03  -7.7627867e-04   3.1300879e-02
  -1.4169040e-02  -2.0192197e-03  -1.0520720e-02   1.7093382e-01  -1.9985410e-02  -3.4425167e-04   1.4458000e-04  -1.9246766e-01  -4.4724283e-02   6.3339894e-03   1.4934835e-05   9.5237856e-02   9.9624014e-02   1.1619283e-03  -2.3036612e-05  -3.2378393e-02  -9.1587247e-02  -2.0993234e-03  -1.5587298e-03   2.2752151e-02   2.7787339e-02  -2.6810441e-03   9.3583811e-04   2.9774849e-04  -1.9941390e-03   6.8196853e-04   2.5968836e-03  -4.6357205e-03
  -8.2693491e-03   5.5951248e-04  -4.2910985e-04   2.7678903e-03   3.3844960e-02   2.4222267e-03   4.0544453e-04   3.0402561e-02  -1.5221588e-01   3.1799880e-02  -3.3024129e-03  -1.3923537e-02   1.3315464e-01  -4.3255596e-02  -2.3945481e-03   1.0737314e-02  -5.0563141e-01   1.1349096e-01   7.4280327e-03  -1.6797182e-01   8.9436418e-01  -2.8493061e-01   1.8883636e-02  -1.7998746e-02  -3.0315197e-02  -1.9722669e-02  -6.2553857e-03  -4.9528096e-03
   7.9974509e-05   2.5090107e-04   3.4490566e-03  -7.2513824e-04  -5.5886930e-03   1.9752015e-04   8.4576947e-04  -5.4602039e-03   1.0997834e-03   1.6801484e-02  -1.6928198e-04   4.1983781e-02   1.8506343e-02  -9.7089646e-02   2.1539936e-03  -9.6220045e-02  -6.0131694e-02   3.4450524e-01   9.4851122e-03   4.7980350e-02   1.8590494e-01  -5.0281959e-01   2.0367828e-02   5.3121146e-02  -1.8446365e-01   2.3882530e-01   2.3615844e-03  -2.5753713e-04
  -4.7378116e-04  -1.5786396e-03  -9.4063933e-04  -1.2551235e-03  -3.8541617e-02  -1.9290298e-03   2.8372023e-04  -5.2873365e-02   2.6532415e-01  -8.2870858e-03  -2.5923836e-04   2.2324461e-01  -3.8017014e-01   3.3220334e-04  -2.6844842e-04  -7.2904971e-01   3.5068078e-01   2.2925701e-02  -1.2817895e-01   1.0389626e+00  -4.8146385e-01   9.8029681e-03   8.7151253e-04  -2.8152634e-02  -2.5989113e-02   3.4649030e-03  -1.0313171e-04   2.5389271e-03
  -2.3185113e-03  -3.9771641e-03   4.6050509e-03   5.8506129e-03   1.1244340e-02  -9.6775457e-05   4.8650203e-03  -3.5044995e-01  -3.8746813e-02  -3.2827816e-03   9.5354520e-03   9.9583953e-01  -1.6429895e-01   4.2944453e-02   1.4876579e-03  -4.3419894e-01  -1.4665788e-01   1.7969761e-02  -1.3637089e-02  -1.0449829e-02   1.1482146e-01   3.1542903e-03  -8.2048679e-03   6.4116681e-03  -2.1783387e-03   2.9744913e-03  -1.7715225e-03  -1.3868251e-02
   9.5579544e-04  -2.6948816e-03  -8.3855537e-03  -3.0405225e-03   3.6321215e-02   1.9024169e-03   1.1373285e-03   1.9037542e-01  -2.7604265e-01  -7.5400318e-04   9.7216310e-03  -8.7257991e-01   5.9895629e-01   3.6725881e-02  -6.9163259e-04   1.3482459e+00  -7.5134258e-01  -6.2508604e-02  -6.3118568e-02  -3.6260376e-01   1.2103921e-01   1.0376760e-01  -7.3820133e-03   1.0276599e-02  -2.0921782e-02   1.1419900e-02   9.3763904e-04  -6.0054591e-03
   2.7944357e-03   3.2381702e-04  -1.6857224e-03   7.3259748e-04  -7.8544251e-03   1.1145198e-03  -9.9537286e-03   7.6924085e-03  -1.4850579e-02   6.5554346e-02  -3.6047302e-03   3.0064341e-02   1.2247278e-01  -5.9501971e-01   2.2430653e-02  -1.2610320e-01  -3.2417841e-01   1.1889396e+00  -1.1729082e-02   1.3267558e-01  -1.5410952e-02  -3.9340763e-01  -5.6422729e-02   4.5672763e-04  -1.3299991e-03   1.5190193e-02  -5.1612039e-04   7.6749885e-03
   4.1273350e-03  -8.7466292e-04   2.6970434e-03   5.2365094e-03   6.3116796e-02   3.3945899e-03   2.1746159e-04   5.9779855e-03  -2.6724861e-01   1.0164441e-02  -7.4642913e-04   5.3263229e-02  -1.7413318e-01   3.1671898e-02  -4.1012295e-04  -1.5831255e-01   8.5688880e-01  -1.2541318e-01  -1.4556041e-02   1.3519322e-01  -5.1693122e-01   8.3625226e-02  -3.1968113e-03   2.8854306e-04   1.0820888e-02   7.8226759e-03   3.3314233e-03  -3.2160415e-04
   2.8121352e-03   1.1073709e-03   4.3258778e-03   2.8290337e-04   3.3483209e-02   1.7775823e-03   1.1110586e-03  -1.9872956e-02  -2.3508046e-01   7.4459899e-03  -2.3638239e-03   1.5726797e-01   4.0548054e-01  -3.8371380e-03  -3.4974337e-04  -2.9490414e-01  -2.7692787e-01  -3.9111171e-02  -1.1236626e-02   2.0685906e-01   2.4391433e-02   6.5758863e-02  -5.5323625e-03   5.4689349e-04  -2.0110488e-02   6.1664442e-03   3.5191364e-03  -1.2464516e-03
