  -2.6268843e-01  -1.4500956e-01   3.5700259e-02   1.7456611e-01   1.8817123e-01  -2.5805757e-02   7.1193163e-02  -1.0389844e-01  -1.8880033e-01   6.9081557e-02   1.9058436e-03  -1.0489348e-02   1.5972717e-01   2.1991689e-02   7.2095725e-03   7.2496014e-02  -1.6001971e-01   8.8352937e-02  -4.9107885e-02  -6.0120133e-02   1.6394584e-01  -2.8408048e-01   9.9410399e-02  -6.8631981e-03   5.9446946e-02  -1.5301203e-02   8.6720466e-02   7.1439451e-02
   2.2530878e-03   6.6258284e-04  -2.0551220e-02  -2.5429329e-02  -6.2026127e-02  -4.6165916e-02  -4.5239628e-03   3.4869628e-01   9.3320306e-02   1.7195494e-02   1.0776112e-01  -8.1957806e-01  -1.5208284e-01   4.1444770e-02  -2.5752313e-03   1.3416789e+00   6.2066242e-02  -7.9243152e-02  -2.9244714e-01  -2.4071186e-02  -5.4198737e-01   2.6805027e-01  -1.9873009e-01   6.0334743e-03  -5.3823383e-03   1.4997973e-02   7.4714933e-03  -6.4760827e-02
   6.0567033e-02  -8.9358604e-02   3.7492352e-02   9.8309009e-02  -1.4031577e-01   5.0669636e-01  -2.1413475e-03  -1.2059115e-01  -9.9755424e-02  -4.2161629e-01   3.6667986e-02   1.1570327e-01   2.4494102e-01   1.9997370e-01   1.7135764e-02  -6.7012716e-02  -4.0223654e-01   7.1614433e-02   3.9241850e-01  -1.8458654e-01   5.3925795e-01  -5.1891084e-01   5.7893746e-01  -3.8576596e-02  -5.8485241e-03  -3.5656883e-02   8.0918989e-02  -1.6285767e-02
  -4.0625344e-02  -2.7365249e-02  -3.4084862e-03  -2.8142372e-02   6.4141399e-01  -1.3738106e-01  -7.7698151e-03  -1.2434654e-01  -4.2656509e-01  -2.3987446e-02   3.9803715e-03   8.0360974e-02   9.5371413e-02   5.1044447e-02  -1.3252117e-03  -1.4413108e-02  -2.5393263e-03  -3.1580466e-02  -7.3198292e-03  -1.0184502e-02   1.2054741e-02  -7.0869601e-04   3.7149289e-04   9.7595818e-04   2.6020320e-03  -4.4617126e-03  -4.4529480e-03  -2.8035344e-03
   2.5181257e-02   1.7550301e-02   1.0086460e-02   1.3383109e-03   6.5847464e-02  -7.1657637e-02  -1.2962745e-02  -2.4452308e-01  -3.4777795e-01  -1.2116024e-01  -1.3353785e-02   1.7920546e-01   1.2318895e+00   1.3844918e-01   4.0911728e-03  -4.6783914e-01  -5.3194376e-01  -6.6707284e-02  -7.4683703e-02   4.3174172e-01  -1.5582216e-01   7.5944383e-02  -3.7780295e-02  -1.3329388e-03  -1.9719477e-02   1.1168987e-02   1.3434431e-02   2.3799524e-02
  -2.2981061e-02  -8.9556568e-04  -1.1212028e-03  -6.4863553e-04  -1.7747977e-02   1.1386552e-01  -1.0171663e-02   1.8047462e-01  -8.2327163e-02  -7.7270054e-02  -9.9455343e-03  -1.6636151e-01  -4.8672218e-01  -8.7240957e-02   3.0042785e-03   3.8385116e-01   8.9785678e-01   1.4810923e-01   3.1662668e-02  -6.6904502e-01  -1.0286144e-01   7.2456345e-02  -1.2082521e-01   4.5396960e-02  -8.8639036e-03   6.9718741e-04  -2.4456093e-03   1.3509973e-02
   7.0519435e-03   1.7182205e-03  -4.7742133e-03   2.4729205e-02  -2.2995136e-01  -1.0202495e-01   1.1315409e-03  -1.2120302e-01   9.1579070e-01   3.4613495e-01  -2.0686389e-02   1.6981906e-01  -6.6721603e-01  -6.9453236e-01  -6.4107009e-03  -3.2787083e-01   3.9900751e-01   1.5134963e-01   6.5351336e-02   7.8125840e-02  -8.1829024e-02   1.8394487e-01  -1.5314752e-02  -3.0520711e-02   2.3182875e-02  -3.2938011e-02   4.2177043e-03  -1.1329352e-02
   1.4713782e-01   5.8000032e-02  -2.5206376e-03   5.0640992e-02   6.2082435e-02  -1.3600192e-01  -2.8109019e-02  -1.1290274e-01   7.8198573e-02  -9.3714959e-03  -1.7732432e-02   1.0923411e-01  -1.1891609e-01   5.9794654e-02  -4.9427616e-03  -1.7531829e-01   8.1835032e-02   1.4253198e-02  -1.0053377e-01   1.5781627e-01  -9.6944912e-02   8.1030295e-02  -1.0229872e-01   2.2351208e-02  -1.8714388e-02   1.4934485e-02   1.5195212e-01   1.9591558e-03
   6.9350563e-03  -1.1625290e-02  -5.1640486e-04  -1.1374922e-02  -1.1217910e-02   9.1504838e-02  -1.5642741e-02   1.0738700e-02   2.8558305e-03  -8.0772873e-02   1.9480900e-03  -2.9912085e-02  -7.1099741e-02   1.6359862e-02  -8.4454884e-05   5.0290840e-02   2.2990779e-01  -6.0825056e-03  -1.9970213e-03  -9.4817877e-03  -3.2883491e-01   1.0781393e-01  -2.5966058e-02  -2.5896153e-01   6.4952524e-01  -2.8280638e-01   1.0220202e-03  -5.2180702e-03
  -6.7557800e-02   1.6756246e-03   5.1187925e-02   4.8201537e-03  -3.2186121e-02   1.1344076e-01   1.2103203e-02  -5.0447714e-02   2.7342203e-02  -1.0209711e-01  -2.9609208e-02   1.5710128e-01  -1.0748216e-01   1.5394374e-02   1.0024718e-02  -2.6152415e-01   9.9317834e-02   1.9536901e-01  -9.7748864e-02   1.9581580e-01  -9.0702312e-02  -1.5167682e-01   1.4263667e-01   1.1378520e-02   5.2485753e-03  -1.7685039e-02  -2.4740848e-02   2.6306032e-01
  -3.9326496e-03   1.3754721e-02  -1.0922108e-03   2.6788916e-02   9.6247212e-03  -4.1426785e-02  -2.3353256e-03  -2.2138183e-02  -3.3185135e-02  -4.1563001e-02   1.1487797e-02  -7.3004036e-02   2.9072609e-01   1.4085768e-01  -1.3011880e-03   1.8979441e-01  -9.0207411e-01  -2.0269209e-01  -8.8319796e-02  -6.3662799e-02   7.2276595e-01   2.3206626e-01  -8.3850776e-02  -6.3417298e-03  -4.2943116e-02  -2.5805948e-02   9.7047954e-04   1.0422767e-02
  -4.3042482e-02  -6.0004466e-02   1.3791104e-02  -9.6144683e-03   4.1723593e-02  -1.3599493e-01   3.1477785e-01  -9.5494892e-02  -9.4742996e-02   2.4621993e-01  -1.2931040e-02   1.1227038e-01   1.3426227e-01  -1.1672396e-01  -7.4231692e-03  -1.8916005e-01   1.2921624e-04  -2.0914316e-01  -5.3677468e-02   1.3137972e-01  -1.9401537e-02   1.8249143e-01  -5.9486945e-02   6.4164411e-03  -1.4028050e-02   1.9166365e-03  -2.1475315e-02   1.2586964e-01
  -6.7905539e-03   5.0655443e-03  -2.9600645e-03   3.3935393e-02   2.5068168e-02  -1.1691787e-01   1.1356201e-02  -2.7237331e-02   3.4676710e-02   1.0796456e-01   4.9020797e-04  -7.4823275e-03  -9.9255642e-02  -8.4547690e-02   2.6836357e-03   3.2885617e-02   1.1625487e-01   1.2181313e-01  -2.2871668e-02  -1.1252201e-02  -9.2958661e-02  -7.5280469e-02  -1.4238754e-01   4.4238277e-02  -1.9687777e-01   3.5693586e-01  -8.9471901e-03  -2.2292728e-03
   3.4213743e-03  -1.8672722e-03   1.7328937e-04   5.6425845e-03   1.8949368e-02  -6.8893420e-02   6.2977016e-03   4.4971443e-03   1.6538938e-02   6.2510751e-02   1.7836425e-03  -4.9511614e-02  -3.1338704e-02  -4.1244252e-02  -9.1036587e-05   1.4438157e-01   4.1824437e-02   5.3502217e-03  -8.3166564e-02  -1.7067428e-01  -2.5291443e-02   5.0675846e-02  -6.0475163e-02   4.2620304e-01  -3.7009692e-01   1.2573784e-01  -4.5237723e-03  -6.7336840e-03
  -2.5325842e-03   1.0992329e-02  -4.9945962e-03  -1.1565281e-02   4.2849186e-03  -2.1096135e-02  -4.5896543e-02  -7.9822296e-03   6.5670003e-03   2.2759286e-02  -6.4700450e-03   1.0929714e-02   4.3432323e-02  -7.5277521e-02   1.8829682e-01  -4.0780633e-02   1.8566801e-02  -7.9265951e-02   2.7201137e-03   1.7978537e-02  -1.2703398e-03   7.2280181e-02  -9.3122529e-02   4.8966161e-03  -1.2577371e-02   1.3405056e-02  -7.2901250e-03   1.9980612e-02
   2.5065465e-03   4.8209894e-03  -2.4480036e-02  -1.1914689e-02   6.8819258e-03  -2.2876269e-02  -2.5172153e-02  -1.0106637e-01   1.8597224e-02   2.7369059e-02   1.8067050e-01   2.5620701e-01  -3.7504911e-02  -4.5766177e-02  -5.5457908e-03  -3.3649754e-01   6.4601179e-02   3.6392239e-02  -8.3624171e-02   1.3051750e-01  -1.6153398e-02  -6.8449973e-03  -4.7376754e-03   1.6886605e-02  -1.2409813e-02   4.5373840e-03  -9.1736858e-03  -3.4581193e-02
  -1.6833096e-02   2.4664409e-03  -1.9704702e-02  -5.9853100e-03   5.1386261e-03  -2.9846257e-02  -4.4984017e-03   4.1426166e-01  -3.3983582e-01   4.3233434e-02  -4.4870887e-02   1.0597283e-01   2.7376257e-01   3.2335818e-03   2.4267376e-04  -5.4589932e-01  -1.5292921e-01   4.1803124e-02  -7.1396362e-04   2.8319694e-01   2.2264635e-02   3.1708916e-03  -2.4975940e-02  -6.0722650e-03  -3.0094723e-03   2.6022056e-04   3.6011960e-04  -2.1829053e-02
  -8.2338714e-03   1.7437667e-03  -3.6062395e-03   9.5223324e-03  -5.0024255e-03   2.6147894e-02   2.8136949e-03  -2.5790888e-02  -2.7738693e-02  -2.3431106e-02  -3.6073607e-03   3.8468637e-02   4.2727685e-02  -2.9021932e-03  -1.7132503e-04  -6.1711656e-03  -2.4337671e-02   8.3106999e-03   2.7396343e-01  -2.0654754e-01   1.3738663e-02   1.8397236e-01  -2.6009941e-01  -5.8520583e-02   2.9358133e-02   1.3518329e-02  -4.4689685e-03  -1.0470641e-02
  -8.5931881e-03  -7.0448741e-03   1.7131783e-03   5.6871632e-03  -6.2447123e-02   7.7462371e-02  -4.5989160e-03  -2.0776965e-02   3.2810312e-01  -5.0309926e-01  -5.4749906e-03   4.1687399e-02  -4.2472691e-01   9.5828324e-01   7.0405855e-03   3.4740284e-04  -1.4419112e-01  -2.7985663e-01   3.7421764e-04  -2.0793966e-02   1.0402310e-01   6.3882436e-03  -4.7822388e-02   1.3361382e-02  -1.3603149e-02   9.6536095e-03  -5.4113210e-03   6.3166705e-03
  -1.2996198e-01   1.9486251e-01   9.0916675e-03  -2.2879195e-02   2.9273913e-02  -1.6283561e-01  -9.0869618e-03   4.8771967e-02   2.4511008e-03   9.1699795e-02   2.5927249e-04  -9.6061530e-03  -1.0240458e-02  -2.7880207e-02   3.4645225e-04  -1.6483309e-02   7.4085315e-03   4.4426390e-02   1.7684782e-02   1.7141420e-02  -7.9268656e-03  -4.7968909e-02   4.9215171e-02  -2.1387696e-03   5.4160936e-03  -6.5703859e-03   1.0576857e-02   2.8498845e-02
   2.4100872e-03   5.6224975e-03  -1.2368149e-03   2.5822731e-02   2.9337086e-02  -4.1238453e-02   3.1577564e-03  -3.7423563e-02  -9.3098007e-02   7.9221090e-02   3.2172858e-03   3.4140354e-02   2.6767132e-02  -1.3177900e-01  -1.2008517e-03  -8.5300890e-02   2.1042219e-01  -6.9371906e-02  -1.0984169e-02   1.9403247e-01  -5.5474292e-01   5.4756194e-01  -9.4805977e-02   6.3427525e-03  -8.1856451e-03  -2.0444471e-02   3.2498560e-03  -8.8530483e-03
   4.8492333e-03  -3.9492924e-03   1.7055564e-03   3.5383474e-04  -1.3977529e-03   2.1528000e-02   2.4782390e-03  -6.0008687e-02   1.4585902e-01  -1.2941938e-01  -1.6471159e-02   2.0931304e-01  -5.8469238e-01   3.3137527e-01   6.7472613e-04  -5.5983809e-01   8.2061897e-01  -2.8176612e-01  -3.7756715e-02   5.1293556e-01  -3.8210498e-01   3.2930925e-02  -3.4745115e-02  -1.9677147e-02  -7.7144093e-03   1.2524870e-02  -7.4473153e-04  -1.0880124e-03
   1.3456603e-02   2.2296184e-02   4.0650457e-04   1.2655329e-02   4.0360012e-02  -2.1874746e-01  -8.4866833e-02  -4.2440848e-02  -1.8191193e-01   5.6166185e-01   3.0919153e-03   8.0134856e-03   2.2781934e-02  -4.7152701e-03  -2.3130070e-04   3.4240484e-02  -2.9011319e-02  -2.7395735e-01   2.8779430e-03  -2.6338304e-02   5.3574239e-02   9.9982103e-02  -2.5429331e-02  -4.3620937e-05  -6.3343108e-03   3.9279282e-03   5.7999296e-03  -7.1444910e-03
   3.9497351e-02   1.1349884e-03  -1.9533891e-01   6.7218394e-02  -2.1699147e-02   2.3547727e-02   4.7113090e-02   3.9132301e-02  -2.7648994e-02  -3.1725365e-02   1.5460483e-02  -3.7817331e-02   2.8874806e-03   4.4162044e-02   6.8454806e-03   5.6553285e-02  -2.1775855e-02  -5.8263222e-03   5.5206471e-03  -3.3040761e-02   1.5378068e-02  -2.6944101e-02   2.3524079e-02  -1.7983327e-03   4.2793277e-03  -1.5025245e-03   8.2363927e-03   8.8210411e-02
  -2.1244391e-02  -1.7704539e-02   1.6724335e-03  -8.1294319e-03  -1.1645756e-01   4.4118065e-01  -5.6697063e-02   1.0425258e-02   1.9204441e-02  -3.2413495e-01   2.5887829e-03  -1.7540840e-02  -3.1046893e-02   1.3631381e-01   1.0716887e-03   4.1976586e-02   6.0674291e-02  -1.4138572e-01  -5.1894141e-02   5.6120782e-03  -5.4159778e-02   1.0106541e-01  -3.9382030e-02   2.4807060e-02  -2.9549133e-02   2.0613575e-02   4.4021956e-04   2.6518218e-03
   6.4160376e-03  -6.0312532e-03   2.4021484e-03  -2.2739888e-02  -2.7708940e-03   2.2337649e-02  -5.7906719e-03  -3.2410918e-02  -1.6245596e-04   1.5352540e-01  -5.0841627e-03   7.1733919e-02   6.3959806e-02  -5.4668236e-01  -9.2492953e-04  -1.5164622e-01  -1.5684832e-01   7.4827199e-01  -1.7025583e-02   1.3646757e-01   3.0048462e-02  -2.7977437e-01  -2.7619914e-02  -5.5750849e-03  -8.0706328e-04   8.5685589e-03  -1.4729388e-04  -1.7372049e-03
  -2.2588692e-03  -1.4464152e-03   2.4047713e-03  -2.3735423e-03  -5.8546626e-03   7.5671106e-03   2.5551287e-03   2.1118444e-01  -2.9244423e-02  -2.7500680e-02   1.3768731e-03  -5.2605285e-01   1.2080590e-01   5.1553115e-02  -7.7273015e-05   3.3188707e-01  -3.2768799e-02  -5.3803669e-02   1.0670127e-02  -7.0442509e-02  -2.4065602e-03   1.0384078e-02   7.8783579e-03  -2.8599413e-03   2.1107643e-03  -1.4568900e-03   7.6821569e-04   8.9478675e-04
  -3.9691659e-02   1.0902792e-03  -1.8879576e-02   3.3987352e-01  -6.1748143e-02  -2.4745192e-02  -1.8505655e-03  -3.3374205e-01   1.5424212e-02   3.2968771e-02   2.2843607e-03   1.2968249e-01   2.3970099e-02  -4.0450248e-02  -3.5361614e-04  -5.4792266e-02  -1.4115196e-02   4.0735649e-02  -6.4042908e-03   3.2446712e-02  -5.3905302e-03  -1.1497002e-02  -6.2482248e-03  -1.9827381e-03   3.0544976e-03  -2.7875129e-03  -1.2181320e-03  -1.0448221e-02
