  -9.4634206e-02  -1.1916057e-01  -8.1141854e-02   3.4101759e-02   4.0427728e-02   1.0844228e-01   5.6840925e-02   1.4289593e-01   5.4439283e-02   2.2567956e-02   3.0954160e-02  -2.0982951e-01   3.9163622e-02  -5.8193026e-02  -2.8957976e-02   2.2503520e-01  -1.4680604e-01   8.6166865e-02  -3.8326571e-03   3.0598357e-02  -1.3385764e-01  -4.5932705e-02  -4.4818695e-02  -3.7197326e-02   3.6088505e-02   6.2337373e-02   2.0025877e-01  -8.1794189e-02
   3.8320446e-02   1.7105045e-02   6.5185230e-02   2.2433771e-01  -8.2386392e-02   2.3399201e-03   1.1162152e-02  -4.8135091e-02  -1.0944512e-01   4.9966836e-02   7.8926873e-02  -9.8186890e-03   3.5634628e-02   8.0267763e-02   2.0773639e-01  -4.1125520e-02  -3.7704226e-02  -3.7981095e-01  -1.0610186e-01   4.7104687e-02   6.4457635e-01   2.9672698e-02   3.0160264e-01  -2.5563405e-01   9.0222853e-02  -3.7431781e-01   1.3030245e-01  -5.6657398e-02
   5.9245521e-02   5.6182010e-02  -2.0379380e-01  -1.1015790e-01   2.4252240e-02   1.5380123e-02   1.6890858e-02   1.4910840e-01   1.0338429e-02   4.7838869e-02   1.4021643e-01  -1.2209681e-01  -2.4428087e-02  -2.3943866e-02  -1.0793862e-01   1.0588008e-01  -4.2768393e-02   6.1234600e-02   2.0304093e-03   6.9307472e-02  -1.3377247e-01  -1.9299350e-02  -1.9005557e-02   2.0514854e-02  -4.5187809e-02   5.8596973e-02   4.5685615e-03  -1.6955515e-01
   1.3293026e-03  -1.0649449e-02   1.7190843e-02   4.5287977e-02  -1.3277241e-02   3.2361775e-02   1.5481341e-02  -2.4446545e-02  -7.7267765e-02   1.0175601e-02   4.6223424e-02   1.7363386e-02   8.0061289e-02  -1.7245539e-02   5.2785856e-02   3.7751347e-02   6.1046426e-02   3.6868143e-02   5.4601327e-02  -1.4159510e-01  -2.0957649e-01  -4.6274894e-02   1.6415637e-01   4.6969890e-01   1.1476663e-01  -1.8346962e-01   2.1520655e-02  -9.7392975e-03
  -6.9393546e-02  -2.2086921e-02   1.3325026e-02   5.0461987e-02   1.2947745e-02   5.0828056e-02   3.0214244e-02  -8.9014742e-02   2.6032287e-01  -1.3659523e-02   6.6700794e-02   1.2651530e-01  -8.0975090e-02  -3.4679618e-02  -1.3010144e-02   9.2816861e-03  -3.7226794e-01   3.1257632e-01  -2.0276212e-02   2.0336183e-01  -4.7975540e-01  -5.1276777e-02   1.6260661e-02  -1.9050168e-02   8.7717995e-02   3.6208463e-02  -1.3936091e-02  -7.6794306e-03
  -2.8632858e-01  -2.9160102e-02   6.6379689e-02   8.5863593e-02   7.9725734e-03   7.8127928e-02   5.1744175e-02   5.6202277e-03  -3.3532271e-02  -5.5123679e-03   5.2228386e-02   1.5073427e-02   2.1725899e-02   2.8666180e-03   5.2602441e-02   8.0762912e-03   2.9618509e-02  -9.9745217e-02  -1.6089204e-02  -8.2867775e-02   1.3887004e-01   3.8811904e-02   1.8466526e-02  -9.4865624e-02   9.2694786e-02  -1.0094372e-01  -1.4788396e-01   3.5130839e-02
   3.0216245e-03   1.5986108e-02  -1.0523902e-02  -9.5324354e-03  -7.9466757e-03  -6.1190420e-03   8.7102617e-04  -1.4176598e-03  -6.8082603e-02   2.9313900e-02   9.7224920e-03   2.8572404e-02   7.0302513e-02   2.2008769e-03  -1.0141653e-01  -3.0941638e-02   2.1647564e-02  -2.3226236e-01   1.1203225e-02   5.5241317e-03  -3.9059865e-02   2.3035723e-02   5.9361326e-01   7.6864917e-02   4.7918902e-02  -3.3505140e-01  -3.1171446e-03   1.2880042e-02
  -2.4607489e-02   3.3142031e-02  -7.3471718e-03   4.2707316e-02   5.3262102e-03  -1.9269478e-01  -9.6374999e-02  -3.4341271e-02   8.0048903e-02   5.1797562e-02  -3.8662241e-02   2.8200335e-03  -3.5244687e-02   1.2333771e-02   4.8203977e-01  -5.5767362e-02   8.9973277e-02  -2.1689662e-01   2.0579954e-02   3.5556313e-02   1.4769999e-02  -8.3779407e-02  -1.0956201e-01   3.9390143e-02  -6.0312974e-02   9.7906987e-02  -2.8988389e-02   2.2102559e-02
   5.0025768e-03  -5.9781484e-03   2.3726972e-03  -9.6577198e-03   1.7743574e-03  -4.4071876e-03  -2.4361835e-03   1.3997400e-04   5.9878692e-02  -5.9301483e-03   2.3893123e-02  -4.2557110e-04  -1.4660273e-02  -7.1284907e-03   4.3122399e-02   5.8509288e-03   1.8282560e-02   5.8673005e-02  -3.7752034e-03   7.7879080e-02  -1.9199472e-01  -8.2385220e-03  -2.5772040e-01  -1.9193831e-01  -3.8685190e-02   5.4574203e-01   4.2341985e-03  -5.3123118e-03
   2.4645468e-02   5.6460192e-03  -4.2225605e-02  -1.1535158e-01   2.3380728e-02   2.9704833e-02   5.5418355e-04  -6.1086152e-02  -1.0965967e-01   1.5956905e-02   2.0810537e-01   1.6819939e-01  -1.1932284e-01   7.0696717e-03  -1.9676254e-02   4.6180969e-02   4.2765089e-02   1.0590371e-03  -9.5568931e-02   2.0863657e-01  -1.3391556e-01  -2.0774521e-02   1.8325740e-02  -5.5585607e-02   7.2691638e-04   2.1090189e-02  -1.3774974e-02  -5.6607557e-03
  -1.2699897e-01   2.5175784e-02   3.9217081e-02   3.8523991e-01  -4.9652567e-02   1.1412701e-01   3.4685626e-02  -6.7898286e-02  -5.9810947e-01   5.6807644e-02  -5.4727952e-02  -2.0612694e-02   2.7810872e-01   5.8849387e-03  -1.8519071e-02   2.4826724e-02   9.9450331e-02  -1.2543582e-01   2.8068217e-03  -1.7292121e-02  -1.2757217e-01   1.3895292e-01  -5.9815976e-02  -5.2617827e-02   9.2628611e-02  -7.1799884e-03  -8.3166830e-03  -1.4700628e-02
   1.7392616e-02   9.1288622e-03  -8.7666617e-03  -3.4578978e-02   9.6088532e-03  -2.6802665e-02  -1.5114445e-02   2.9585067e-02  -5.0031878e-03  -6.0348063e-02  -1.0600868e-03   2.6325604e-02  -1.1394379e-01  -6.7562221e-04  -3.5893541e-02   9.0907183e-03  -1.6044671e-01   5.5115573e-01   1.3702252e-02  -1.5793985e-02  -9.6503822e-02  -1.1549776e-02  -8.3019210e-02   1.3574304e-02  -1.3665995e-02   8.5960085e-03   1.0073798e-03   7.7223475e-03
  -9.3973604e-02   4.7174324e-02   1.9961666e-01  -2.2615217e-01   2.7515722e-02   4.5164085e-02   1.2967283e-02   2.4658757e-02   3.5469458e-02   1.0702503e-02  -5.2836694e-02   6.0734112e-03  -3.2247552e-02  -1.0999707e-02  -4.7017933e-02  -1.9861886e-02   3.6922760e-02   2.2949435e-02   6.1737634e-03   6.8708280e-02  -4.6195191e-02  -1.9890182e-02  -2.6515118e-02  -3.3744778e-03  -1.4634318e-02   4.2949737e-02  -1.3323501e-02  -5.4337957e-02
   1.2778728e-03  -2.1188047e-02   6.1248038e-04  -2.5888232e-02   7.7666057e-03   1.8355031e-01   2.0222897e-02   2.6313665e-02   2.4020740e-02  -3.3219111e-01  -3.8577717e-03  -1.6590760e-02   3.5954956e-02   4.2317057e-02   2.1930368e-02   9.6391235e-03   5.5296383e-04   5.0915906e-02   1.0195094e-03  -2.1262744e-02   1.0711122e-02  -3.9482670e-03  -1.0594997e-02  -7.7417459e-03   6.7380196e-03  -2.5343760e-03  -6.1085560e-04   4.0307879e-03
   3.0310720e-03  -6.2366909e-03   9.5627808e-03   6.1913748e-03   9.3061095e-03   1.6471913e-02   5.2685636e-03  -1.2762524e-01  -2.0563712e-02   4.7432279e-03  -1.3784897e-01   3.9981216e-01  -7.7091087e-02  -1.9334100e-02   1.0650936e-03  -5.6543363e-02  -5.2197790e-02   5.1891200e-02   3.3335812e-02  -5.5713141e-02  -1.1254067e-02  -9.2062473e-04  -5.3233260e-04   1.4904217e-02  -4.1176097e-04   1.4436827e-03   3.9783585e-03   5.2185897e-03
   3.5438924e-02  -1.1527681e-02   7.2643388e-02   5.5994978e-02  -7.2510563e-04  -1.4724091e-01  -8.7224933e-02  -1.8598463e-02   9.0701960e-02  -4.6241391e-03   4.7675162e-02   1.4392659e-02  -7.9371051e-03   2.1961085e-02  -4.6094367e-02   2.8668020e-03  -3.7026600e-02   2.2013812e-02  -3.1942416e-03  -1.9129511e-02   1.6217065e-03   1.4574249e-02  -3.0449345e-03  -5.2992962e-03   7.1920853e-03  -1.0753363e-03   1.3958391e-02  -1.3600820e-01
  -2.6193103e-02  -3.8456201e-03   3.7745894e-03   3.9208887e-03   2.3789727e-01  -3.4796161e-02  -6.2496082e-03  -2.8901971e-02  -2.7857571e-01   2.7599482e-03   2.7175635e-03   2.5970398e-02   1.4277261e-01   1.4332755e-02   6.5169037e-04  -1.2782993e-02  -9.5243818e-02   2.7538488e-02  -3.4261507e-03   1.7045882e-02   3.7625175e-02  -1.5343102e-02  -1.4707086e-02   4.0918291e-02  -8.7419442e-02   5.1590050e-02  -3.7594594e-03  -2.9002395e-03
   8.7617245e-03   7.2208817e-03   1.1683721e-03  -2.6542098e-02  -1.2562316e-02   2.4692788e-01  -1.4334583e-01   1.2292937e-02  -6.7939180e-02  -1.3312849e-01   1.4862003e-02   6.2917176e-03   3.0324756e-02   7.0591670e-03   5.0166196e-02   6.1971390e-03   1.4238011e-02  -4.0947788e-03  -1.3890968e-03  -2.0858808e-02   7.3287649e-03   9.9322863e-03  -1.4120315e-02  -3.6386635e-03  -1.1673030e-03   1.8306187e-03   1.2031940e-02  -1.9763623e-02
   1.1560994e-02   5.9779437e-03  -2.3206282e-03  -1.4164766e-02  -5.4715435e-03   2.9238294e-03  -2.0560066e-03   2.9313234e-02  -1.2194915e-01  -9.0499380e-03  -6.6070491e-03  -5.3742202e-02   7.4600158e-02   3.4581627e-03  -4.2249984e-03   7.5021967e-04   4.6994964e-01  -1.4987510e-03  -3.2873270e-03   7.3039001e-02  -5.1477099e-01   6.8417589e-03   1.1568393e-02   1.9322793e-02   2.9260195e-03   2.8798938e-02   4.0010056e-03   3.5447614e-03
  -3.2540956e-03  -1.2180394e-03   1.3808899e-02   1.9434070e-02   1.4793395e-05  -9.9110735e-03  -6.8498012e-04   8.1540124e-02   1.4463507e-02   1.1087719e-03  -1.0072169e-01  -1.8150666e-01   1.6841646e-02   1.0146108e-02   1.5891380e-02  -3.7519159e-02  -2.2110055e-02  -1.7817284e-02  -5.1932596e-02   4.5525300e-01  -1.8346543e-01   1.8204579e-02  -6.0798942e-03  -5.7115549e-02   3.6008388e-03   5.3790054e-03   4.1025807e-03   4.9295854e-03
  -7.0097331e-03   6.1167017e-03  -6.4086083e-04  -1.0776100e-01   1.1703122e-02   1.3209953e-02   2.2416931e-03   3.4663375e-01  -1.3687445e-01   2.8368006e-03  -9.5187528e-03  -1.5513373e-01  -1.1926283e-02   9.5985812e-03  -1.0782850e-02  -2.6455843e-02   6.4027994e-02   1.3652615e-02   4.9987591e-03   7.0131661e-03  -6.0730612e-03  -1.9584461e-02   5.0872066e-03   2.2068188e-02  -2.6300152e-02   1.3258528e-02  -2.8880993e-03  -3.0784967e-03
  -2.3274397e-03   1.9179178e-04   7.8359567e-03   1.4804931e-02  -2.4169874e-03   6.0225401e-04  -1.0323222e-04   5.8690222e-03  -1.0405176e-02  -3.5428999e-04  -7.3713115e-02  -2.8325147e-02   1.0834953e-02   3.3949710e-03   1.0412412e-02   2.3189303e-05   2.0639161e-02  -1.0942697e-02   2.4934238e-01  -8.3467539e-02   3.1045759e-02  -1.3939881e-02   2.5155308e-02  -1.1069424e-01   3.9445510e-02  -1.9756246e-03   1.7670916e-03  -1.3311510e-03
  -1.3329366e-01   1.7355449e-01   1.5329720e-02   5.8800544e-02  -8.2340417e-04  -1.1775766e-01  -5.2406089e-02  -1.0930748e-02   6.3805291e-02  -1.4581649e-03   1.3944356e-04   5.4384755e-04  -8.9376906e-03   6.3422256e-03   1.2136291e-02  -1.0574972e-02  -1.6676042e-02   1.4048118e-02  -1.5554740e-03   5.4586683e-03   1.7250234e-02  -1.6628516e-02   9.0811718e-03  -8.5440797e-03   1.4827110e-02  -1.0818144e-02   1.1668775e-02   1.1012939e-02
  -2.6829509e-03  -1.4976566e-03  -6.7051826e-04  -6.8398267e-03   4.2778707e-02  -3.9789978e-03  -1.4486510e-03   3.5304336e-03  -3.9614741e-02  -4.7501286e-03  -1.4440487e-03  -3.5138894e-03   1.3629009e-02   2.7118291e-04  -1.1297027e-02   9.1284178e-03  -2.1896491e-02   6.1196826e-02   8.4708937e-05   7.6831466e-03   1.3016780e-03  -1.0022755e-01   5.6238011e-02  -1.1460104e-01   2.3349586e-01  -1.1700399e-01  -1.0267499e-03   1.4776931e-03
   7.6048508e-03  -1.3015094e-03  -3.1631709e-03  -2.4321660e-02   4.9686098e-03  -8.1183670e-04   4.4546929e-04  -2.4983465e-02  -1.0978344e-02  -6.1583423e-04   2.2105255e-02   1.5479215e-01   1.3996100e-02   2.0149766e-03   5.8475682e-04  -3.1328090e-01   3.0404465e-02  -6.9244747e-03  -1.5678908e-02   2.2388241e-01  -3.5835565e-02   3.8433337e-03  -3.8696847e-03  -2.8871960e-02   1.1035896e-02  -3.2402506e-03  -6.1802695e-04  -6.2996747e-04
   4.1643584e-03   3.3923593e-03  -3.0527202e-03  -1.0692979e-02   9.1607691e-03   2.9490284e-04  -2.3233593e-03   1.5750240e-03  -1.1026036e-01  -5.3437842e-03   4.2063763e-03  -4.0035161e-03   2.7957457e-01  -1.7144969e-05   3.3508055e-04  -8.0744923e-03  -2.5663707e-01   1.6902237e-02  -4.9084976e-03   5.6081084e-02   2.2871536e-02   1.1397520e-02   8.0636380e-05  -7.1392885e-03   5.1784582e-03  -5.9138647e-04   4.6938782e-05   2.1523638e-03
  -3.6858047e-03   8.0851008e-04   2.2495063e-03   9.5030977e-03  -1.3129172e-02   1.4996860e-03   1.1807932e-05  -1.7602216e-02   3.2300856e-02   1.5464471e-03   3.2172866e-03   1.2476810e-02  -1.5985123e-02   1.5972994e-02  -3.0236227e-03   1.8523376e-03   3.8153662e-02  -1.4503992e-01   1.8571658e-03   4.1006447e-04  -1.0983349e-01   2.2462957e-01  -2.8644804e-02   1.2105042e-02  -4.6158283e-03  -1.8772005e-02  -1.0899721e-03  -2.8242113e-03
  -3.3690527e-03   2.4474932e-04  -1.3068735e-03   1.6336880e-02   5.9072035e-03   5.7443273e-03  -3.0411521e-03  -9.3070214e-03  -1.1463345e-02  -6.6106658e-02  -2.8237591e-03   3.6111115e-03  -2.5428089e-02   2.1309602e-01  -7.9532995e-03  -9.8450831e-03   5.7505591e-03  -1.5551082e-01  -1.1824870e-03   1.9259658e-02   8.5460302e-03   2.9752181e-03   1.4471260e-02  -4.2117128e-03   8.5325817e-03  -3.4101804e-03  -1.3433948e-04   8.4068195e-04
