   5.5452487e-02   1.5199517e-01  -4.4364674e-02   3.3031973e-01   6.9739298e-02   1.4382284e-01  -5.6525226e-02  -4.5814779e-01  -2.6428454e-01  -1.0195466e-01  -1.2968198e-02   2.6269238e-01  -8.6540343e-02   1.1065066e-01  -2.0422556e-03  -1.2530861e-01   1.4924397e-01  -1.8366183e-01   2.8015112e-03   1.5042071e-02   5.0647934e-02   1.0263473e-01   1.7775442e-02  -9.7827205e-03  -6.7195045e-03  -7.8464775e-03  -1.1852110e-01   9.0954134e-02
   1.3283573e-02   2.0454969e-02  -2.4726120e-02   6.1148374e-02  -4.9584068e-01   2.9437153e-02  -4.6955525e-02  -3.9011592e-01   2.3987120e-01  -9.1329198e-02   5.4572616e-03  -1.2484413e-02   2.0858782e+00  -2.2026898e-01  -1.9418354e-03   3.2148699e-01  -1.9671360e+00   2.6866238e-01  -1.2373310e-01  -1.5452647e-02   5.0835807e-01   4.3970550e-02   1.1470622e-02   2.7112380e-02  -6.8067703e-02  -2.3905447e-02  -7.1373392e-03   1.8613223e-02
  -2.7641353e-02   5.8126362e-04   8.2073869e-02  -1.3907329e-03  -4.5775672e-03  -8.3611300e-03   1.0045314e-03  -1.1973794e-01   7.9579436e-02  -1.5603290e-02  -2.5878536e-02   4.7603462e-02   5.5370890e-02  -1.1315428e-01   6.6839521e-03   4.3373885e-03  -8.8335609e-02   2.1023210e-01  -8.2084023e-02   1.1722637e-02   1.1977009e-02  -1.0649155e-01   6.7283616e-02   1.3883660e-02   1.2796963e-02  -2.4449721e-02   3.0251025e-03   2.3233990e-01
   9.5203531e-02   5.2893901e-02   1.7498885e-01  -1.1693549e-01   5.7483800e-02   2.1207901e-02   5.3590711e-02  -5.6076897e-03  -1.9968316e-01   2.4233137e-02  -3.6018060e-03  -5.8077036e-03   1.4825580e-01   5.9461330e-02   1.3736549e-03   1.2503343e-01  -1.4694830e-01  -1.5558490e-01  -6.8517957e-02  -6.5788609e-02   1.5135103e-01   1.1637927e-01   2.6572642e-02   4.0388851e-02  -5.9506795e-02  -2.8876025e-02   1.7588033e-01  -4.5335966e-02
  -1.3234069e-01  -1.0264116e-01   3.2757521e-01   4.0325759e-02  -9.5404902e-02  -2.3166131e-02   1.7155308e-01   9.9705358e-02   8.1921725e-03   8.0509351e-02  -1.1587721e-02  -1.9259867e-01  -1.9573643e-01   9.3246350e-02   8.6872030e-03   2.3083337e-01   5.5991692e-02  -1.7875482e-01  -1.0463254e-01  -6.9772693e-02   8.2698614e-02   8.7267798e-02   1.1363332e-03   2.3851365e-02  -2.2713174e-02  -1.6104788e-02  -1.0036595e-01  -7.9763617e-02
   4.8959277e-03   5.7685990e-03  -2.9751926e-02   7.0125640e-03   2.5975462e-02  -4.3421310e-03  -6.2056742e-02   1.1358281e-02  -1.8040298e-02  -3.9439248e-02  -9.7230254e-03  -2.7977904e-02   3.3546696e-03   7.1306745e-02   1.8840778e-01   1.0678755e-02   1.7562425e-02  -1.2604412e-01   1.2661072e-02  -1.1512598e-02   2.0369748e-02   3.4545486e-02  -5.3641041e-02   8.2277570e-03  -1.7366009e-02   2.1135064e-02  -2.8479352e-03   1.6630946e-02
  -2.1963608e-02  -1.1486607e-02  -9.1781461e-02  -5.6041107e-02   8.2209961e-01  -1.0462567e-01  -6.6389345e-02  -1.7235722e-01  -1.9749353e-01  -4.7116921e-02   1.0795627e-03   7.5062899e-02  -3.8423698e-01  -4.0440207e-03  -3.3071249e-03   1.2070601e-01   1.5689144e-01   6.0237757e-02  -1.0407237e-03  -1.2374209e-01   6.6946125e-02  -1.7400736e-02   3.6810936e-03  -4.2543977e-03   1.1853986e-02  -1.1554933e-02   1.2641335e-02   2.7677265e-02
  -2.4240480e-03  -2.7672541e-03   4.3902276e-03  -1.9548823e-02   1.2807580e-01  -9.0030376e-03   3.4442080e-03   8.9774532e-02  -1.0731656e-01   1.0360197e-02   4.4474099e-04  -4.1780332e-02  -6.9903126e-01   6.5406304e-02  -2.4653257e-03  -2.4181270e-01   1.5366104e+00  -3.3272026e-01  -1.5554692e-03   4.0527352e-02  -4.7869272e-01   5.8585917e-02   1.3476886e-02   5.0928332e-03   1.6905258e-03  -5.9547551e-03   4.4450998e-03  -1.4689928e-03
   3.4032137e-03   9.9013288e-04   8.9272864e-03   1.2278086e-02  -5.2477215e-02   8.1282969e-03   4.9919247e-03  -1.6486338e-02   1.0164744e-02  -9.9061802e-03   3.0149549e-03  -4.7509523e-03   2.0433137e-01   6.3558795e-02   1.2306120e-04   2.3457246e-01  -7.9389391e-01  -7.5988445e-02   2.4438408e-02  -4.9198812e-01   1.0483661e+00  -1.1412904e-01  -2.7671189e-02   1.5572384e-02  -6.6509824e-02   5.4248173e-03  -1.0233651e-03  -7.0543944e-03
  -1.7506521e-02   4.4292264e-04  -6.4873237e-02   3.8612592e-01  -1.1199958e-01  -1.8660507e-02  -3.7155427e-04  -3.1664050e-01   2.0380113e-02   9.4595541e-03  -7.3855289e-04   9.9652310e-02   4.5280696e-02  -5.0320004e-03  -4.6367556e-04  -7.2151952e-03  -3.9482528e-02   1.6150306e-02  -2.0085849e-03  -1.8175626e-03   7.9665305e-03  -4.6073874e-03   6.5254005e-04   3.6025420e-03  -6.6945981e-04  -1.0471750e-03   8.9281000e-03   6.6263873e-03
   1.0941285e-03   1.1464593e-03   1.1536890e-02  -6.7223309e-03   1.3158306e-02   4.2838821e-04   1.9454591e-04   1.1640170e-02  -5.0334308e-03   1.0108757e-02  -1.2800437e-04  -1.6516571e-02  -6.6858204e-02  -4.2690392e-02   2.5150723e-03  -8.0654732e-04   1.1114561e-01   1.6712139e-01  -4.4035811e-02   5.6886284e-02  -7.1872331e-02  -2.3527052e-01  -5.9371498e-02   4.1254719e-02  -2.0205665e-01   4.2512484e-01   4.6410054e-03  -2.8112906e-04
   1.4346785e-01  -1.3911761e-01  -3.5813180e-02   6.9999915e-02   3.5335708e-02  -1.9774182e-02   2.2023852e-02  -9.2965115e-02  -2.5590029e-02   5.9021880e-03  -6.9858521e-04   3.8652814e-02   3.6176275e-03  -1.3654249e-02  -3.9021872e-04   2.2847625e-03  -1.1498923e-02   4.2544372e-02  -2.3227808e-03  -1.2839076e-02   1.1729090e-02  -1.8997252e-02   2.5265165e-04   6.8416198e-03  -7.5479301e-03   1.9212687e-03  -1.6898490e-03   4.9154500e-03
   2.3400443e-02   1.9285857e-02  -1.7994709e-01  -1.6616056e-01  -1.8230676e-01   2.2813273e-02  -5.1622903e-03   1.0456103e+00  -4.0595108e-03   1.0122548e-02  -2.9540885e-03  -6.9016383e-01  -2.2569699e-01  -4.7406738e-03   1.8512523e-04   3.7241975e-01   9.2073601e-02   2.7208657e-02   3.1929148e-03  -1.6696815e-01   2.1075298e-02  -1.2421361e-03   2.6734412e-03  -3.1887166e-03   1.1321904e-02  -9.6435577e-03   4.1181615e-03   4.4043092e-02
   6.4577352e-04   2.9716614e-03  -4.3178554e-03   1.0056951e-02   1.9742922e-02  -3.2595573e-03  -2.6606182e-02   1.0848103e-03  -4.8933029e-02   2.7758295e-02  -1.7914580e-03   2.6926825e-02  -1.0765793e-01  -2.3547204e-01   4.9122627e-03  -2.7491411e-02  -2.0203143e-01   8.0860969e-01  -1.6719530e-02   1.5172967e-02   1.2992899e-01  -3.6489754e-01   1.3144695e-02   2.1538025e-03  -2.7148438e-03   8.5288737e-04  -3.3137039e-03   5.3841176e-03
   2.4504819e-04  -2.8830836e-04   1.0553708e-02  -2.3518916e-03  -3.5499948e-02   4.8645152e-03   4.4665730e-03   2.8742200e-02  -2.8318767e-02  -4.0294401e-03  -3.3582008e-03   1.1558542e-01   1.4047191e-01   2.6947305e-02  -1.5631314e-03  -6.7478744e-01  -5.6591150e-02  -1.2065870e-01  -1.3256525e-01   9.6592604e-01  -3.7339915e-01   2.3891581e-01   2.4240312e-02  -5.6830738e-02   2.0648826e-02  -4.1895871e-02   1.0199479e-06  -3.2743628e-03
  -4.1599507e-03  -6.8814207e-03   3.6821046e-02  -3.8698512e-03  -2.1461443e-02  -9.4307213e-03   1.0241801e-02  -3.2348609e-02   9.9023732e-02  -3.1590272e-03  -3.6921227e-03   5.8163700e-02  -6.2931940e-02   6.9187060e-03   1.4891813e-05  -3.8438542e-02   3.9127522e-02  -2.7825287e-02   4.9227394e-01  -3.3588618e-01   9.9598303e-02   2.6522703e-02   4.5345032e-02  -1.3213625e-01   1.4696687e-01  -7.5018292e-02   4.7401239e-03  -2.7014451e-02
   2.5200800e-03  -1.2107409e-03  -6.6726814e-03   6.1358068e-03  -2.1080212e-02  -4.6217543e-03   5.6622662e-03   1.5408766e-02  -7.1663297e-03  -9.6049198e-03   1.6495391e-03  -9.7276891e-02   4.3311178e-02   8.6600854e-02  -3.9153335e-03   2.8160174e-01   9.6723258e-02  -4.4437427e-01  -1.7633095e-02  -1.8880818e-01  -3.5640165e-01   6.5642665e-01   1.5817999e-02   3.9151576e-03   5.3854806e-02  -9.5200542e-02  -2.2141561e-03   1.9211671e-04
   1.2779442e-03   3.7995217e-03  -1.6209014e-02   2.8903581e-02   3.5421236e-02   2.4779936e-03  -4.3103206e-03  -1.3334243e-01   2.4599040e-02   2.3349693e-03   1.4299333e-03  -2.1433014e-01  -1.1992492e-01   3.0614863e-02  -1.2172991e-03   8.3894302e-01  -1.2959744e-01  -5.9982897e-02   5.8945394e-03  -3.7619441e-01   2.9339771e-02   6.1225400e-02   8.5291850e-03  -4.6595764e-03   1.8556932e-02  -1.3669803e-02  -2.3841392e-04   5.4437098e-03
  -1.2431809e-03  -4.8937163e-04   7.2943124e-03  -1.3634528e-03  -2.9064996e-03  -1.0199090e-03   4.4138217e-03   6.6946850e-03   1.3453337e-03   2.7781281e-03   2.9317121e-03  -3.0018688e-02  -9.5912661e-03   4.6339570e-03   1.6565078e-03   1.5659287e-01  -4.0538273e-02  -1.1629148e-02  -7.8109282e-02  -2.0009809e-01   7.4561333e-02   2.5983773e-02  -1.2504964e-02   4.3151049e-01  -4.0229757e-01   1.0781309e-01  -3.3407537e-04  -2.4321114e-03
   4.6887473e-03   6.8619252e-03   1.9971918e-02   9.8927979e-03  -4.5673158e-02  -3.9745564e-02  -9.2376079e-02  -2.6928636e-02  -6.9888109e-02   3.8088364e-01   1.6910799e-03   3.1201459e-02  -3.5824833e-02  -2.2234476e-01   2.0147698e-03  -2.7158200e-02   6.7099018e-02   4.4530372e-02   1.8951708e-03   1.1583154e-02  -1.4258260e-02  -1.1048137e-02  -6.1245503e-03  -8.5302828e-05  -9.7492545e-04   4.8439092e-03   2.1969465e-03  -2.7022089e-02
   2.1041285e-03   3.8209156e-03  -5.1513714e-02   7.2795280e-03   2.6158953e-03   5.1677131e-03  -2.4021891e-02  -1.0299926e-02   1.3154686e-02  -6.3443603e-03   1.9812789e-01  -5.2801744e-02   3.8162113e-03  -7.3954262e-03   3.5606770e-03  -4.6992788e-02   3.1231458e-02   1.2893148e-03  -8.9010921e-02   3.4282605e-02   3.2380657e-03  -1.0403446e-02   1.9117490e-02   2.4567794e-02  -1.4582829e-02  -4.5987263e-04  -5.4738067e-03  -1.1486738e-02
   9.1050090e-04   7.7394023e-04   6.3235774e-03  -4.8534468e-03   1.4193355e-02   9.0562088e-06   1.6402197e-03   1.9859715e-02  -2.7473833e-02   1.1899768e-03  -2.6974910e-04  -3.6721018e-02  -3.5540652e-02  -8.8918164e-03  -2.5139094e-05  -2.0241125e-03   1.8159314e-01   1.3407046e-02  -3.0087274e-02   9.3062733e-02  -2.8846437e-01   2.8911989e-02   1.7056980e-02  -2.1659530e-01   5.9818019e-01  -2.7050453e-01   2.8133873e-03   1.9805627e-03
  -4.9571251e-03  -4.3667996e-03   7.6185741e-03  -1.4857753e-02  -1.2825799e-01   2.6366514e-01  -6.9459410e-02   1.8674377e-02   2.6836891e-02  -1.1227107e-01   9.4302532e-04  -4.2932161e-03  -1.3060957e-02   4.1289243e-02  -2.1384685e-04  -6.2185763e-03   2.0569541e-02  -4.1842079e-02   1.8913743e-03   9.3104104e-03  -1.3201947e-02   2.1111211e-02  -2.2278323e-03  -3.2451062e-03   4.5430954e-03  -2.1838255e-03   5.8242277e-03  -8.3529243e-03
   5.4542867e-03  -8.8396262e-03  -1.7514556e-01   3.3425661e-03  -1.8078175e-02  -2.4430393e-03   1.7615937e-01   8.5622926e-03  -3.6199050e-03   3.7399016e-02  -2.0861684e-03  -6.2116472e-03  -2.1983711e-02   1.7821913e-02   7.5706581e-03  -1.2561905e-02   3.8002326e-02  -6.3136456e-02  -7.1272296e-03   1.9786614e-02  -1.1589203e-02   1.8991173e-02   3.3756637e-03  -5.5714680e-04  -3.4429255e-04  -2.0824730e-04  -6.8219511e-03   1.6137928e-01
   1.4944820e-03   1.9721873e-03   1.4863661e-03  -1.7597087e-03   4.1709193e-02   6.9951764e-04  -2.1861171e-02   1.4619944e-02   2.0084691e-03  -2.0734702e-01  -1.3836564e-03  -3.8694514e-02  -1.0231038e-01   5.0865458e-01   5.0509863e-03   2.5268601e-02   8.6529809e-02  -3.9315780e-01   1.4042451e-03  -4.9052736e-03  -1.7652103e-02   1.0822301e-01  -5.2889917e-03   7.9997727e-04  -2.5621414e-03  -9.8877795e-04   1.6836676e-03  -6.4080617e-03
   9.3011010e-04   6.9883412e-04  -2.8836568e-02   8.7845407e-03   5.8994836e-02   5.9978070e-04  -3.2286128e-03  -2.2614330e-01  -8.3761661e-02   7.1498247e-03   1.9155257e-03   7.0708928e-01  -1.5566869e-01   1.0686928e-02   3.4519795e-04  -5.0373665e-01   1.1516069e-01  -7.3515509e-03  -1.3734464e-02   1.3880270e-01  -2.9971980e-02   1.4089775e-02   2.2973871e-03  -2.3949708e-03   5.7887550e-03  -5.4284258e-03   9.9468666e-04   1.4151871e-03
  -1.1466688e-03  -4.3044789e-04   3.3412354e-03   3.7214916e-03   1.1843867e-03   1.6582912e-03  -9.6675193e-04  -1.7776071e-02  -1.3911629e-02   2.2795424e-03  -1.3885455e-03   2.7680494e-02   1.7021195e-02  -9.2903090e-03   5.5285491e-03  -2.3754633e-02   2.6829012e-02  -1.7017870e-02   2.2869995e-02   1.8279177e-02  -1.4823092e-01   2.2482370e-01  -2.2366199e-01   5.3295654e-03  -3.1438831e-02   6.7165076e-02  -1.2720507e-03  -7.1808352e-03
   6.4884811e-03   4.9293237e-03   1.1084440e-02   1.0481589e-02  -1.9443236e-01   8.6217460e-03  -4.5655645e-04  -4.6261374e-02   5.3287476e-01  -1.4124872e-02   3.3913104e-04   1.9041979e-02  -5.3738966e-01   8.6072661e-03  -1.3644696e-04   7.9725106e-03   2.4264273e-01  -1.1164364e-03  -5.9205147e-03  -1.9243295e-03  -4.9243185e-02  -1.2387753e-03  -1.9762796e-03  -7.2599527e-04   6.6323115e-03  -2.6798330e-03   2.4348823e-03  -3.9794181e-03
