   3.3244263e-01   1.5885004e-01  -4.3491428e-01  -2.2708031e-02  -3.5052442e-01   3.2639873e-02   1.9104958e-02  -1.2996830e-01   5.1088523e-01  -4.2911259e-02   2.0169876e-02   3.4618495e-01  -4.9070118e-01   1.1305730e-01  -6.2011499e-03  -8.8164699e-02   1.2771207e-01  -2.8540740e-01   2.0771220e-02   5.5257129e-03  -7.3911379e-03   2.0351512e-01  -7.8078723e-03   3.2704732e-02  -1.1743563e-01   8.9258373e-02  -5.0738401e-02  -6.9249584e-02
   2.1567314e-02   2.3099756e-03  -8.7862469e-02   1.7712320e-02   1.0209209e-02  -5.8306100e-03  -1.2564734e-02   1.2230169e-02  -7.6483580e-03  -3.0195126e-02  -2.5342559e-02  -5.0502463e-03   1.2148348e-03   7.3608853e-02   1.8528874e-01  -8.0862396e-03   2.4956300e-02  -2.0264661e-01   7.4476269e-03  -4.1922979e-03   3.4108501e-02   6.6095624e-02  -3.7172028e-02  -1.3304616e-02   7.0073121e-02  -4.1102403e-02   5.8254762e-03   8.1310554e-02
  -2.1861690e-02  -2.2885399e-02   4.1040422e-01  -8.7352161e-02  -1.8924584e-01  -6.2447850e-05   4.7538941e-02  -2.7439616e-01   1.6024893e-01   4.0261621e-02   7.8668312e-02   8.2663468e-01  -3.2953662e-01   5.5560231e-02   1.8899360e-02  -4.4523569e-01   2.0980417e-01  -7.3530197e-02  -7.7204511e-02   2.3224796e-01  -4.4447157e-01   2.8597082e-01  -1.3948572e-01   5.9432672e-02   4.6497047e-01   4.8434084e-02   4.6625855e-02  -2.5305211e-01
   2.1851518e-01   5.2402441e-03  -4.1638321e-01   5.8922623e-02  -1.4492624e-01  -2.0760064e-02   1.0935312e-01  -3.3790019e-02   1.8353813e-01  -6.2211878e-02   2.8173535e-02   3.8667164e-01  -2.3098979e-01   1.0344558e-01  -9.3539819e-03  -2.1119286e-01   7.8006525e-02  -2.0025210e-01   2.2944685e-02   5.5639263e-02   3.9694062e-02   5.0591061e-02  -5.7076143e-03   1.0117729e-02  -1.7391069e-02  -1.4875591e-02   1.0445057e-01  -1.8856246e-01
   6.1941824e-03   4.9941882e-03  -4.7269415e-02   2.8364930e-02  -2.7305042e-02   3.0678931e-04  -2.8406851e-02   1.0960412e-01  -3.8658897e-02  -1.3548491e-02   1.6517012e-01  -3.6242027e-01   2.0595842e-01   2.0110284e-02   2.8693567e-03   6.9347645e-02  -4.7867744e-02  -4.3430621e-02  -2.5697053e-02   1.3070117e-02   3.0375769e-02   5.1539716e-04   9.6208400e-03  -4.1819144e-03   1.2574900e-02  -9.6330013e-03  -3.5587995e-03  -7.7731325e-03
   1.1104925e-01   1.6571229e-02  -1.0507484e-01  -9.3696963e-02  -5.0495180e-01  -2.8114310e-02  -1.1647166e-01  -2.4579902e-01   1.6998314e+00  -4.2638148e-01  -1.1905078e-03   1.0052122e-01  -8.6312020e-01   3.7799743e-01   1.7542702e-03   7.8351329e-02   1.5880969e-01  -1.6639590e-01  -4.1696345e-03  -6.8710493e-02  -3.4052010e-03   8.9857604e-02  -5.6118571e-03  -1.0785670e-02   7.8653367e-03   3.1575118e-02   2.0055526e-02   3.7637217e-02
  -5.7721791e-02  -1.1436406e-02  -9.2876721e-02  -1.6230192e-01   1.1178979e+00  -3.4287518e-02  -4.2528912e-02  -3.3742251e-01  -4.7649839e-01  -7.5884836e-02   1.2185364e-02   4.5406238e-01  -3.7267530e-01   9.0254974e-03   5.2643556e-03  -1.8680360e-01   2.7498769e-01   1.2514834e-01  -1.1545601e-02   9.6323545e-02  -1.7058076e-01   8.1965486e-03  -1.7485280e-02   2.1985394e-02  -1.4256265e-01   5.8296241e-02  -3.2935354e-04   6.5792335e-02
   2.4928214e-03  -1.8179253e-04  -2.3812555e-02   5.2205858e-03  -1.0076391e-02   2.1559955e-03   1.9376599e-02  -8.4367322e-04   3.1733887e-03   1.1595495e-02   2.6745678e-03   4.3031365e-03   3.6092440e-02  -3.7315842e-02  -3.0055511e-03   2.7618346e-02  -5.3226356e-02   1.0707774e-02  -1.7124697e-02  -4.8079190e-02   7.2625819e-02  -8.5082226e-02   2.5146501e-01   2.7622434e-02   1.6644190e-01  -3.1631786e-01   2.8754845e-03   3.2003796e-02
   5.5244955e-03   1.8765525e-03  -7.9766765e-02  -2.2431566e-02   8.9312596e-02   7.7565231e-03   2.6093229e-02  -5.5930089e-02  -1.1345084e-01   1.0481835e-01  -1.0336126e-03   1.1964558e-02   6.8774696e-02  -1.3664973e-01  -1.2061117e-02   7.2345040e-02   1.9630935e-01  -4.3863958e-01  -3.9510990e-03   8.2149962e-02  -7.2590611e-01   9.2366025e-01  -7.9642418e-02   3.8347507e-03  -2.0179428e-01   3.1233308e-01  -1.3022242e-02   7.0911325e-02
  -1.2296234e-02  -2.8684696e-03   9.9767771e-02   1.1358534e-02  -2.3010970e-01   1.1347190e-02   1.7885419e-02   3.6371111e-02   3.0176953e-01   5.0842510e-02   2.4340450e-02  -1.1648313e-01  -2.0789838e-01  -2.0925807e-02  -2.0699995e-03   5.1636785e-01  -7.5570482e-02  -1.3683880e-01   7.6254007e-03  -6.0989642e-01   3.5736923e-01   1.7841279e-01  -1.2634732e-02  -3.5993862e-02  -4.3998719e-01   2.4178253e-01   4.6031049e-03  -6.1202345e-02
  -1.2047139e-03  -1.4693011e-03   6.3930785e-03   1.4145233e-02  -3.0609478e-03   8.3228917e-04   1.2482923e-03   2.5146245e-02   1.6175100e-02   1.5466616e-03  -1.0741825e-02  -1.3923578e-01   3.9768886e-02  -2.8028001e-02   1.3005260e-03   3.0750000e-01  -8.2511862e-02  -4.0466411e-03   2.5595435e-01  -5.6881324e-01   2.7658640e-01   1.7202910e-02  -1.3386258e-02   1.0910715e-01  -3.0501439e-01   1.6578914e-01   4.8222811e-03  -7.8969443e-03
   1.2886788e-02   3.9525202e-03  -1.6911714e-02  -5.5642699e-02   4.0192122e-02  -4.3201123e-04  -1.9041869e-02  -1.0560104e-01   1.5212196e-02  -4.9973063e-03   2.1255997e-02  -1.7227041e-01  -5.3526068e-02   3.4699027e-02  -1.3120755e-03   6.7945599e-01  -1.2773397e-01  -3.3077294e-02  -3.0730120e-02  -2.6897195e-01   9.3911875e-02  -3.0045048e-02   1.1794429e-02   1.5682582e-02  -2.2122707e-02  -3.7444601e-03  -6.9671687e-03   6.6664894e-03
   2.9119485e-02   2.7274313e-03  -7.4510182e-03  -4.2347446e-03   6.4909611e-02  -3.7783931e-02  -7.6746085e-02  -1.7462762e-02   1.2085417e-01  -3.7298836e-01   1.4712397e-03   5.8988187e-02  -3.4303717e-01   5.3442718e-01   2.0697116e-02   4.0682955e-03  -7.9111536e-04   1.0563142e-01   7.4951737e-03  -6.5032853e-02   7.2941347e-02  -1.1167567e-01  -1.8058689e-02  -9.8013588e-03  -3.8271524e-03   2.2042892e-02   7.1862194e-03  -2.5362517e-02
   8.9944604e-04  -1.4069437e-03  -5.3332530e-03   7.5304669e-03   7.6469845e-04  -1.7917255e-03   9.7576106e-04   2.6967799e-02   3.7541395e-02   9.2567305e-03   5.8617902e-04  -1.0603139e-01  -4.3229744e-02  -2.4012670e-02  -1.7076739e-03   2.9343688e-01  -4.3838834e-02   4.5063680e-03  -1.0260512e-02  -3.7678153e-01   1.6885542e-01   1.6191893e-02   5.8116560e-03   2.9941431e-01  -3.8718644e-01   1.2925739e-01   2.0402431e-03   1.5609896e-03
   2.6574410e-02   3.1268989e-03   2.6798413e-02  -2.7900349e-01   2.9932787e-01  -7.3886170e-03   3.0686380e-03  -7.1480679e-01  -1.3532107e-02   4.7827126e-03   3.7450090e-02   1.4219855e+00  -1.9035985e-01  -2.5735116e-02   3.3632309e-04  -9.0864950e-01   1.9477340e-02   3.2458732e-02   1.4863703e-02   1.1673134e-01   2.0622918e-01  -7.7057833e-02   9.0259619e-03  -4.1076767e-03  -1.2006507e-02  -2.1882836e-02  -1.8674613e-03   2.8479671e-02
  -2.3299572e-02  -6.2458073e-03  -2.2088243e-02   2.1235004e-02   2.7489626e-01   8.3086426e-04  -1.2959921e-03   1.0772518e-01  -4.1499818e-01   9.9212858e-02  -8.1294623e-03  -1.7105821e-01   2.4132340e-01  -1.5787695e-01  -4.1204578e-03   1.2311876e-01  -4.0573876e-01   8.3698829e-02   1.3293190e-02  -2.4543030e-01   7.1364415e-01  -1.2642252e-01   2.7740107e-03  -1.6989983e-02  -5.0866083e-03  -2.9532820e-02   4.9432230e-03   1.6092621e-02
   1.7755919e-01   3.3270333e-02  -1.1011470e-01   1.4902069e-02  -1.0582928e-01   4.3080175e-03  -4.0321072e-02   2.6517206e-02   1.5476876e-01  -2.9540882e-02  -1.0677931e-02  -4.0639330e-02  -1.2403011e-01   3.9219187e-02   2.8032909e-03   3.1064234e-03   9.9274125e-02  -1.3379941e-02  -3.9500078e-03   1.3924543e-02  -6.0844375e-02   3.9401527e-02  -7.8725224e-03   6.1311510e-03  -4.5144892e-02   2.0865262e-02   1.5861976e-01   1.0202286e-01
   2.1097823e-02   5.9175966e-03  -2.6116775e-01   1.7303640e-02  -1.4988246e-01   4.4132001e-02   1.7004289e-01   1.5524922e-02  -1.5910837e-01   3.2983248e-01  -1.7554700e-02  -5.9353498e-02   1.7178836e-01  -8.9533339e-02   2.0808194e-02   2.9175806e-02  -1.2189230e-01   4.9347288e-03  -2.3631777e-03  -9.2289260e-03   6.5629965e-02  -1.3025941e-02  -4.8719165e-03  -1.0713292e-03  -1.6034966e-02   1.6625959e-02  -1.0733294e-02   2.8791721e-01
   2.0502681e-02   8.2677519e-03  -2.2708119e-01   1.0450934e-01  -3.4302126e-02   4.6424412e-03   2.2716302e-03   1.2818302e-01  -2.2546221e-01   3.4482669e-02   3.1296503e-02   4.2665144e-01  -1.5610624e-01   1.7120556e-02   2.1238191e-03  -2.9481618e-01   1.0559034e-01  -8.2797784e-03  -4.5480869e-03   2.1482102e-02   2.1634707e-02   2.3439313e-04   4.7607194e-03   2.5846003e-03  -1.0312086e-02  -6.3830270e-03  -1.3475000e-03   9.2835094e-02
  -9.7722571e-03  -4.2162570e-03   9.0715161e-03  -3.7467289e-03   7.3485015e-02   2.3150568e-03   1.2132186e-02   1.1132478e-02  -2.7225677e-02   5.8772597e-02  -7.2423296e-03   5.0857581e-02  -4.4212125e-01  -1.2915941e-01  -4.0417564e-03  -2.3611339e-01   9.4988878e-01  -4.1112002e-03   1.0228075e-03   1.4336168e-01  -4.7926365e-01   3.5632369e-02  -3.3931397e-03   2.5310632e-03   4.0096339e-03   1.5882879e-02  -1.1098735e-03   5.6900439e-04
  -7.5245814e-03  -1.5756545e-03  -2.3082550e-02  -1.7951828e-03   3.7910108e-01  -1.0349087e-02  -1.8555960e-02   7.2267477e-03  -1.1539377e+00  -1.0945221e-02  -1.8895106e-03  -5.3215610e-02   1.4853435e+00  -5.2627981e-02   3.8724142e-05   1.9104919e-02  -7.0150663e-01   6.4087673e-02  -1.0417825e-04   6.4571662e-03   5.6618345e-02   4.9358132e-02  -1.3803535e-02   1.4094145e-03  -3.9582446e-02   2.7667525e-02   2.9720791e-03   4.7689179e-03
  -1.3283753e-01   1.6604713e-01   2.4986043e-02   7.9035773e-03  -4.6922735e-02  -7.1921570e-03  -4.5372903e-02   3.9018511e-02   7.1494152e-02  -6.7361269e-02   1.4267670e-04  -4.0694627e-02  -4.9936056e-02   8.4201106e-02  -6.8580326e-04   2.9459510e-02   2.2943107e-02  -5.3132692e-02   2.7323104e-04  -1.4184992e-02  -4.5504905e-04   1.1587110e-02   2.0678588e-03   6.9838799e-05   5.5327488e-03  -4.5555310e-03   3.7231732e-03   5.2152529e-04
  -9.1209319e-04  -1.6290984e-04   4.0830762e-02   1.0872243e-02  -3.0993431e-02   3.6658498e-05   5.3057719e-03   2.0392963e-02  -9.7243849e-02  -1.5244001e-03  -3.9182415e-03   2.6861744e-02   1.8782255e-01   5.4022267e-02   9.2113970e-04  -2.9081134e-01  -1.3183681e-01  -1.0374821e-01  -3.2423941e-02   4.5520498e-01  -4.5075119e-02   1.2582504e-01  -1.1197004e-02   9.9102020e-02  -4.4448725e-01   1.6836069e-01   1.0217023e-02  -2.3674594e-02
   1.9507773e-03  -6.5392396e-03   8.4031217e-03  -5.8649796e-03  -9.1565629e-02   1.7104433e-01  -2.5652839e-02   6.6263636e-03   7.5571155e-02  -1.7492710e-01   7.2296894e-04   6.1583688e-03  -5.5649997e-02   1.0341168e-01  -1.4588308e-03   3.9702960e-03   2.8195071e-02  -4.6366364e-02   3.4919590e-04  -6.5869557e-03  -9.8838789e-03   1.5826777e-02   1.3510775e-03  -2.4491132e-03   1.0401017e-02  -5.3221220e-03   2.3056346e-03  -6.7752120e-03
  -6.3093824e-03  -1.3701376e-02  -7.3385029e-02   7.2043716e-03   2.2331333e-02  -3.5514190e-02   1.7559417e-01   2.9341946e-02   6.9776490e-02  -1.8470237e-01  -6.8639827e-03  -8.4041727e-02   9.9936510e-03   9.0641277e-02   1.1796335e-04   5.7001668e-02  -1.5655704e-02  -3.5437917e-02  -1.0117771e-03  -2.3473152e-02   2.4846127e-02   8.9856986e-03  -1.1835095e-04   6.9573991e-04  -7.6559770e-03   4.8870837e-04  -1.3970878e-02   1.0108328e-01
   2.2485977e-03   6.4127933e-04  -1.4793013e-02   1.3097055e-03   1.4560103e-02  -2.3596157e-04   4.0636667e-03   1.0494822e-02   6.9408219e-04   1.3171868e-02  -6.7130970e-04  -2.3774302e-02  -1.4783630e-02  -5.2203864e-02  -1.8712597e-03   1.4335745e-02  -1.9010665e-02   1.5438815e-01  -3.2500948e-03  -9.7162600e-04   9.6498734e-02  -2.8802538e-01   9.2484471e-02   3.5934046e-03  -1.1652811e-01   1.8182830e-01   2.6763514e-03   1.5814476e-02
  -9.3188405e-03  -4.1983122e-04  -2.3161540e-02   1.4867078e-01  -4.7585675e-02   1.6715864e-03   1.6935386e-03  -1.5487970e-01   3.8957140e-02   5.7513483e-03   9.5149044e-04   8.8244311e-02  -3.1204470e-02  -8.6861196e-03   2.3469973e-04  -2.9459333e-02   7.8233893e-03   1.1036167e-02   3.7584808e-04   5.8231966e-03  -2.8416382e-03  -1.9467038e-03  -7.6029325e-04   4.2144962e-04  -2.9050461e-03   8.2674748e-04   9.0473609e-04   3.5035037e-03
  -3.2847822e-03  -1.6176467e-03   2.9062557e-03   3.7929054e-03   4.6416525e-02  -5.9468098e-03  -7.4953566e-03   1.4184250e-02  -5.0146950e-02  -8.9077654e-02   3.3603989e-06  -2.0994278e-02  -4.1198659e-02   3.0867485e-01   2.6072419e-03   1.2835119e-02   6.5309351e-02  -3.2260058e-01   3.4170140e-04  -2.5472822e-03  -1.6160011e-02   1.0076126e-01   8.6789107e-03   1.4353166e-03  -8.2178589e-03   4.4878217e-03  -4.9688566e-04  -6.1920695e-03
