  -7.4047746e-02  -1.7307389e-02   9.3558707e-02  -4.4915924e-01  -6.9803730e-03  -6.8700745e-02   1.1639901e-01  -9.1555927e-03   2.4672414e-01   4.4174592e-02   3.3676000e-02   4.1994692e-01  -2.5735921e-01  -4.0167071e-02   3.7820785e-02  -2.1540090e-01   1.2200307e-01   1.6694010e-01  -2.6847636e-02   1.0822022e-01  -6.3672741e-02  -6.1377960e-02  -1.4291872e-01  -2.0354445e-01   1.5650313e-01  -5.7435800e-02   2.0251635e-01   1.1427512e-01
  -1.2475375e-03   2.9811652e-03  -4.4547097e-03  -5.7857628e-02   3.5270470e-02   1.1973132e-02   1.3162629e-03   1.8686849e-01  -6.5637686e-02  -4.1723535e-02  -4.1078693e-03  -2.4777393e-01   6.6025738e-02   2.9246452e-02  -1.1076053e-03   1.8814206e-01  -3.5392289e-02  -6.3487564e-03   7.2264242e-03  -8.3193416e-02   1.5918112e-02  -1.7746127e-03   4.5797178e-03   7.2169878e-03   1.8664497e-03  -1.5746142e-03   9.8406638e-04   2.8499996e-03
  -1.1962560e-02  -3.2103596e-02   3.1051099e-01  -3.7596761e-02  -4.1450157e-02  -4.8883888e-02   3.1667303e-02   2.0262583e-03  -2.9556759e-02  -1.0582784e-01  -1.3681708e-02  -1.2024130e-01  -2.7188464e-02   3.3079440e-01   1.0219586e-01   3.7988267e-01   2.1770215e-01  -1.3501069e-01   7.3129095e-01  -7.1695842e-01  -9.2026626e-02  -6.6069451e-02   1.0887950e-01  -8.8778295e-02   2.8472580e-01   7.0833424e-02   4.0044373e-02  -1.6869144e-01
   1.6016495e-03  -9.0544493e-03   5.8866378e-02  -4.9118569e-02   4.2423249e-02   3.6404638e-03   2.0145720e-02  -7.5706541e-05  -3.7936179e-02  -3.3093295e-01   5.5326956e-02  -2.3387782e-01  -1.0206733e-01   5.3174700e-01   5.0658484e-03   9.7379800e-01   5.7980949e-02  -7.0806836e-02  -8.3325843e-01  -2.5975982e-01  -2.0596807e-01   2.7785749e-02   2.1433819e-02   3.7059329e-01  -1.0213414e-01   2.8183658e-03   3.8151064e-03   1.1009187e-02
  -3.6216220e-02  -4.2643170e-02   2.3435029e-01  -6.1796514e-02  -1.0906620e-01  -2.4532465e-02   3.1636302e-01  -4.4224020e-03  -1.7577032e-02   6.8518840e-02   1.2903708e-02   1.8619014e-01   1.8448275e-01  -2.7174731e-01  -1.5001906e-02  -3.2417346e-01  -3.5250165e-01  -5.0950905e-02  -2.5395235e-01   2.7704457e-01   2.6878902e-01   3.0185961e-03   5.1199959e-02   1.2489577e-01  -1.9169970e-01   2.9327271e-02   1.6711648e-02   1.0297828e-02
  -2.6609258e-05   2.1409916e-03  -1.4669116e-02  -3.3428812e-03   6.3318905e-03   3.1480830e-02   1.6106404e-02   1.3553532e-03   8.5160670e-03  -8.8699723e-02   9.2877818e-03  -4.1560673e-02   1.3316128e-01  -7.7869291e-02  -4.0307641e-02   1.5000053e-01  -1.3155844e-01  -3.0578253e-02  -5.3245934e-03  -7.1443422e-02  -1.4975218e-01   3.0686455e-02   6.1254884e-01   9.3180864e-02  -2.9412924e-02  -1.2400084e-01   5.0708254e-04   3.2300072e-02
   1.2939802e-01   1.1357674e-01  -9.6845068e-02   9.0548063e-03  -1.4052877e-01   2.9116281e-01  -1.8128126e-01   3.9182187e-03   2.0794364e-01  -4.0946320e-01  -9.8681916e-03  -6.3026857e-02  -1.1065645e-04   2.4388723e-01  -2.0948200e-02   1.1810230e-01  -2.4447951e-01  -6.6203244e-03   3.7874983e-03  -1.7154810e-03   7.3864671e-02   7.8571289e-03  -5.5606939e-03   2.7954233e-02  -3.7334247e-02   2.8423166e-02   1.4294723e-01  -3.1339890e-02
  -2.1746113e-03  -6.2380064e-03   2.4336548e-02  -2.4204946e-02  -7.9021715e-05  -8.3370823e-03   6.1791759e-02  -5.8166130e-04   2.4475931e-02   8.9505233e-02   1.0980252e-03   1.5276797e-01   8.3895502e-02  -2.3152392e-01  -9.6283117e-03  -3.9338919e-01  -5.2021294e-01  -6.3070636e-03  -7.6478000e-02   1.9157289e-01   8.1399628e-01   3.4235035e-02  -1.8062826e-02   6.6742448e-02  -2.3982390e-01   4.9294182e-02   7.2015725e-03   2.6811128e-02
   7.6126773e-03  -3.5842677e-03   3.2180161e-02   7.0414361e-02  -5.7968921e-01   4.7673210e-02   3.1849778e-02  -6.5024675e-03   1.1799466e+00   4.1187765e-02  -8.1528531e-03  -1.2402612e-01  -7.3224642e-01  -1.7575079e-01  -2.0457500e-02   2.3416527e-01   2.0840308e-02  -3.9944366e-02   1.3544100e-02  -1.9329814e-01   1.8698556e-01  -4.1274094e-02   9.8269648e-02   3.1478023e-02  -1.8134606e-02  -1.5988477e-03  -7.8618691e-03  -1.8748303e-02
  -1.5396580e-02   5.6936661e-03   1.0795348e-01  -2.6107894e-02  -3.8305605e-02  -2.5917142e-02  -6.9443342e-02  -1.2919434e-03   3.0596851e-02   1.4187300e-01  -2.1143342e-02  -7.9555684e-02  -8.3834789e-02   6.8636412e-02   3.7965757e-02  -4.3162494e-02   1.5090602e-01  -3.9831235e-02  -1.2137827e-02  -3.4639469e-02  -6.9579530e-02   1.2165296e-02   8.2682025e-02   2.2982336e-03   5.3204341e-02  -5.0370565e-02   9.3211636e-03   2.4420434e-01
  -3.3513024e-02  -2.5646059e-02   1.6783011e-02  -1.7883548e-01   7.2326320e-01  -1.3950006e-01   3.3894781e-02   1.3592732e-02  -3.4310283e-01  -1.8016834e-01   1.3141980e-02  -1.4703456e-02   9.6752003e-02   8.2389946e-02   4.9647862e-03   3.4178028e-02  -1.3364800e-01  -2.8330134e-03  -3.0187245e-02   2.6713757e-03   6.1512216e-02   2.8707193e-03   1.8109837e-02   2.6770021e-02  -3.2049497e-02   1.2392763e-03  -3.4675968e-03   5.8249808e-03
  -8.4051774e-02   4.5167379e-02  -8.4073136e-02   4.0844170e-01  -1.7211315e-01  -2.4201218e-03   4.6575488e-03   3.4410667e-04   5.1409420e-02  -1.8980588e-03  -6.4179449e-03  -4.2827510e-01   1.6901981e-02   2.6279235e-02   4.6487779e-03   3.8393216e-01  -1.7952827e-02  -1.9921752e-02  -1.0106405e-02  -1.4210569e-01   1.0259577e-02  -2.1744901e-03   6.5760372e-03   2.8490323e-02  -1.4731445e-02   5.8990243e-03   8.9593788e-04   2.1954638e-02
  -5.0194844e-04   1.4336015e-03  -9.1740296e-03   1.1537442e-02   1.6634167e-02  -1.3513049e-02  -1.2532679e-02  -9.5040352e-04  -3.9149020e-02   5.3749001e-02   2.1662628e-03   1.2542283e-02   9.0061960e-02  -3.2293883e-02   2.1240651e-03  -5.8699061e-02  -1.0258136e-01   5.9624814e-02  -5.5848311e-02   1.2789202e-01  -2.5076654e-01  -6.3516035e-03  -6.2807240e-02  -4.1284529e-01   1.0111624e+00  -2.9828223e-01  -8.2079003e-03   8.3834413e-03
   2.4745197e-03   1.6495836e-02  -4.5774901e-02   7.5644973e-03   2.6588906e-03  -1.6638102e-01  -1.3754211e-01   1.0836017e-03  -2.2251953e-01   9.8245538e-01  -6.7889714e-03  -4.6078515e-02  -3.6483401e-02  -4.6064190e-01   1.3617879e-02   1.6643005e-03   7.3726919e-02  -4.2310796e-03   4.1467531e-03  -1.5925742e-02   2.8187976e-02   1.2307866e-02  -2.0615833e-04   1.5423159e-02  -2.1927142e-02   8.6519569e-03  -2.0653211e-04   2.9947419e-02
   1.3464106e-02  -5.1940658e-02   9.9041969e-03  -5.7217018e-03  -1.1165030e-01   5.0885279e-01  -5.4807282e-02   7.7540892e-04   1.1331466e-01  -6.3578438e-01   4.1737039e-04   5.4354801e-03  -3.3695948e-02   2.9516143e-01  -7.2422678e-03   1.6908537e-03   2.1497074e-03  -5.6291715e-02   1.1482749e-02  -8.8755562e-03   1.0145240e-04  -2.9285390e-03   7.3330982e-03  -9.9316864e-03   1.0664710e-02  -1.5371464e-03   1.9546734e-03  -1.4267634e-02
   4.2441928e-03   1.2469673e-03  -3.0264180e-02   8.2082048e-03  -1.9225056e-02  -1.1961057e-02  -5.9392980e-03   1.0750566e-03   1.2696217e-01   1.2289162e-01   1.1519357e-02  -4.4500785e-01  -1.9051875e-01  -2.1952451e-01  -7.7790397e-03   1.3085378e+00  -2.0010542e-01   4.3493295e-02   4.5131317e-02  -7.6630851e-01   1.9198663e-01  -5.8481717e-03   3.4953406e-02   4.0934493e-02  -5.6250637e-05  -5.5977614e-03  -4.1094583e-03  -6.8867273e-03
   2.8161594e-03  -2.2077890e-03   2.6809964e-03   5.3651800e-03  -7.4001936e-03  -1.5584196e-03  -2.4344823e-03  -2.1336661e-03  -5.7341727e-02  -1.9838372e-03   3.7115742e-03   7.3660578e-02   7.6235487e-02   2.2132778e-02  -3.1226681e-04  -4.8990400e-01   7.8151898e-02   1.5529625e-02  -1.6345929e-01   9.5196977e-01  -4.3192865e-01   5.5556637e-03  -5.7799718e-03  -1.5006684e-01   5.8174502e-02   5.2259915e-03   3.6168214e-04  -9.5350293e-04
   1.2611178e-01  -1.1272007e-01  -1.1848347e-01   2.1716644e-01  -2.4924819e-02  -2.8972887e-01   6.4798290e-02  -1.7590503e-04  -6.5204803e-02   4.1104001e-01  -1.1688374e-03  -2.1203375e-01   5.8097978e-02  -2.0272129e-01   1.3036975e-02   1.8363158e-01  -4.0610874e-02   4.9686734e-02  -4.2504393e-03  -8.3812020e-02   2.5909914e-02   3.9863037e-03  -1.5812175e-02   2.0075449e-02  -1.9750266e-02   3.9939449e-03   5.7791294e-03   3.2487428e-03
  -3.0492832e-03  -4.0603681e-03   2.1330039e-02  -1.4164418e-02  -8.1221270e-03  -8.9537426e-03   1.5635903e-02  -3.7852534e-05   4.7081271e-02   1.2769663e-02   1.3213430e-02   2.6761131e-02  -9.1295632e-02  -3.6092091e-02  -2.9717233e-04  -2.1301766e-02   1.1979108e-01   1.5370096e-02  -2.1686809e-01  -4.0126090e-02  -3.4431660e-02   1.8730623e-02  -5.9754184e-03   6.6008897e-01  -5.0960264e-01   6.7646516e-02  -5.5322070e-04  -4.2935699e-04
   3.8906796e-03   9.4652145e-03  -4.5878363e-02   5.1183480e-02  -4.7292194e-02   3.5263345e-02  -7.0446068e-02  -4.5072332e-04   2.0267995e-02   9.1833745e-03   1.9425042e-01  -1.0927058e-01   9.5620738e-03   1.1375071e-02  -1.0102248e-02   2.0600420e-03   9.9015584e-03  -2.2661569e-02  -1.2115622e-01   2.1739980e-02   1.5075698e-02  -5.6254622e-03   1.7403719e-02   6.7628785e-02  -4.4671461e-02   5.9911319e-03  -2.2188617e-03  -4.0026802e-02
   3.2458066e-03   1.0941426e-02  -6.7175992e-02   1.8752742e-02  -2.6982850e-02   8.7996415e-02  -7.2992733e-02   1.5966923e-04   3.0443264e-02  -7.2756229e-02  -3.4136681e-03   9.2756451e-03   1.4531179e-02  -8.4809921e-02   1.9590269e-01  -1.8748079e-02  -2.3016071e-02  -1.3773643e-02  -5.9957219e-02   4.9419170e-02   2.2795515e-02   2.1218590e-02  -6.4303504e-02   3.4803014e-02  -5.4595253e-02   2.7300496e-02  -5.4063955e-03   4.5742998e-02
   8.6937687e-03   1.0228217e-02  -7.7128662e-02  -5.6888872e-02   2.2195911e-02   2.3320213e-02  -3.0649716e-02   6.2944019e-04  -1.3147119e-01  -4.0194224e-03   1.5589440e-02   8.5140037e-01  -7.2192639e-02  -4.2963968e-02  -2.8360637e-03  -8.3599119e-01   6.4099807e-02   4.1344351e-02  -1.7583223e-02   2.4488491e-01  -4.6366251e-03   1.3465544e-03   3.0960150e-03   5.3492803e-03  -9.0601408e-03   7.4361469e-04   1.1189212e-03  -1.1896073e-02
  -4.1223833e-04  -8.7644752e-04   1.1130842e-02  -8.4737361e-03   1.6169340e-02  -4.4065251e-02   1.7288377e-02   1.5091257e-03  -8.7897320e-02   3.7952790e-01   1.2930942e-03  -2.5875211e-02   1.9505298e-02  -6.4881338e-01  -1.4512120e-02   1.2968956e-02   4.4091822e-01   9.4990438e-02  -7.6473476e-03  -1.2113304e-03  -2.2588597e-01  -4.1421044e-03   7.7683399e-02  -2.9128512e-02   8.1850481e-02  -2.3257015e-02   3.5057975e-03  -2.6582092e-03
  -1.0033312e-03   1.2411046e-04  -2.4910408e-03  -5.6906287e-03   6.8484626e-02  -1.7571132e-02  -7.5457432e-03   4.9407991e-04  -3.6212566e-01   1.1772902e-01   1.4169039e-03  -7.9104732e-02   8.2645582e-01  -1.5082143e-01  -6.9952174e-04   1.9420082e-01  -8.2461507e-01   5.2541420e-02   1.0769317e-03  -9.0454729e-02   3.0286999e-01   8.0158952e-04   5.2582841e-03   1.5028799e-02  -3.5768490e-02   1.2239841e-03  -1.0464005e-04   9.3372039e-04
   9.8679695e-03  -9.9272687e-03  -2.7148035e-01   1.4602678e-02  -1.8122908e-02   3.0743877e-02   3.1148893e-01  -1.7332205e-04   4.7545680e-02  -1.5963597e-01   2.3605340e-03   6.2958747e-02  -6.0430396e-02   6.7904439e-02   6.2736688e-03  -5.4384700e-02   8.5636758e-02  -1.2638958e-02   1.2016731e-03   3.1736760e-02  -6.0857273e-02  -9.9660121e-03   3.8202699e-02  -9.3690893e-03   2.8636432e-02  -7.6837608e-03  -2.5663408e-03   2.6475726e-01
  -1.1998875e-03  -6.2292166e-04   2.4174908e-03   9.8512610e-04  -2.1209441e-03  -3.2910141e-03   6.7506764e-04  -4.2102836e-04   1.3039289e-02  -1.0571959e-03   3.6198703e-04   2.4642274e-02  -4.2254712e-02   1.5416546e-02   8.2677456e-03  -7.7913282e-02   4.5792876e-02   1.3017352e-02  -2.3562776e-02   7.7729010e-02  -1.0786510e-02  -1.6647276e-02  -1.6576344e-01   1.2994835e-01  -4.8773368e-01   4.9879553e-01  -2.3220833e-03  -3.9049595e-03
   4.2470310e-04   1.6562669e-03  -6.3164069e-03  -3.7683443e-04   1.9835678e-02   2.4321800e-03  -1.1566681e-02  -1.1690338e-04  -3.6974610e-02  -9.3810920e-02   1.0263523e-03  -2.0391673e-02  -1.5808262e-02   4.5677912e-01   5.4541459e-03   5.7666182e-03   1.9942005e-02  -5.2374380e-01  -1.7433322e-02   3.2868775e-02   1.0348236e-01   8.0687337e-03   8.7765960e-02  -1.2461680e-02   5.7109679e-03   8.8630381e-03   8.8255919e-04   6.7183694e-03
  -1.8416218e-04  -1.9656556e-05   1.5904033e-04   1.6260001e-03  -1.6237786e-03   2.1722958e-03  -1.6061063e-03  -1.6313188e-04  -2.1837785e-03  -2.0375969e-02  -1.9738642e-04  -1.4217475e-02  -4.3417630e-03   1.0267840e-01   3.2067821e-03   2.8182504e-02   4.0352538e-02  -2.1217077e-01  -2.2581215e-03  -1.2987527e-02  -6.8352965e-02   2.0050685e-01  -4.2888649e-02   1.6017842e-02  -1.9534433e-02  -1.4634111e-02  -4.4813316e-04  -2.5169074e-03
