  -1.2923442e-01  -9.3184110e-02   2.1857615e-02  -4.7696597e-01   5.2801233e-01  -2.4278142e-01   1.6787034e-02   4.9504338e-01  -2.6879583e-01   2.6722259e-01   6.7280213e-02  -2.6154272e-01   3.0321395e-02  -2.3328097e-01   5.8283371e-03   2.2962537e-01   1.8958300e-01   1.7452962e-01   8.0860092e-02  -1.8406429e-01  -1.3545404e-01  -8.7014834e-02  -1.9385095e-02  -1.3935480e-01   1.8077527e-01  -2.1950504e-02   1.6865109e-01  -5.9702652e-02
  -1.6266618e-02   1.4669328e-02   3.1988621e-03   2.5478766e-02  -3.2657524e-01   3.9005923e-02   4.5392344e-03  -3.1785018e-01   1.3394826e+00  -1.4674429e-01   6.3900128e-02   3.6755396e-01  -1.6051050e+00   1.0671289e-01  -6.3826348e-05  -9.1528426e-01   2.5490845e+00  -2.8632888e-01  -2.0163024e-01   1.2781336e+00  -2.0108443e+00   6.0352591e-01  -1.6661144e-02  -4.1321177e-02  -3.2951402e-02   5.4099864e-03   5.3430391e-02   9.6863678e-03
   4.1106777e-04   1.5998207e-03   7.3938044e-02   4.8986919e-02  -2.0846400e-02   2.0747171e-02  -8.2995024e-02  -9.9631721e-02  -2.1388691e-02   7.3957477e-02  -9.8733183e-02   2.9785646e-02   1.3479964e-02  -5.1769471e-03   1.4045228e-02  -2.4393020e-02   1.2938148e-02   8.4674989e-02  -4.8709647e-02   5.8615845e-02  -4.2924430e-02  -3.3132189e-02   1.8278991e-02   1.1644005e-02  -1.6149274e-02  -7.3346987e-03  -1.8073978e-03   2.3373895e-01
   4.9902327e-04   7.2329039e-03   8.3805778e-03  -1.4368361e-02   6.4005881e-03   1.0894700e-02   5.0682168e-03   7.4867563e-02  -5.7034933e-02   2.3274464e-02  -2.3884210e-03  -1.3486006e-01   1.1967849e-01   4.3682354e-03   9.0296820e-04   3.4271729e-01  -8.1602189e-01   2.2824348e-02   5.7932502e-02  -6.3984407e-01   1.5399339e+00  -4.2707712e-01  -2.3382542e-03  -7.1467628e-02  -1.0385607e-02   5.3215489e-02   4.0076176e-03  -5.4561311e-03
  -1.6750535e-02   1.4090393e-01   4.3208995e-02  -7.0148949e-02  -1.2713799e-02   3.3420459e-01   9.8966534e-03   6.4607041e-02  -3.2455860e-01  -2.9348593e-01  -2.6763344e-02   1.5912270e-02   3.8212988e-01   1.6023386e-01  -2.1421132e-03  -4.6455349e-02  -2.3752725e-01  -1.2575537e-01   1.9127756e-03   1.1673116e-01  -7.7379158e-02   1.3799190e-01   5.0040154e-03  -1.0822809e-02   6.7636766e-03   1.6327314e-02   1.3294577e-01   6.7884134e-02
   4.9072548e-03  -2.9607042e-02   1.0331208e-02  -2.2885429e-01   7.9330771e-02  -9.6122974e-02   1.7954410e-02   9.5791170e-01  -5.9426563e-01   9.0681767e-02   1.1617763e-01  -9.5686161e-01   6.2709515e-01   1.3267217e-02  -1.2365058e-03   9.8476417e-01  -6.2328770e-01  -6.5173273e-02  -7.7677723e-02  -3.4700102e-01   6.6020078e-02   1.5474995e-01  -1.4542553e-02   2.5972549e-02  -1.1390643e-02   6.4718863e-03  -9.5702267e-03  -6.5349517e-02
  -3.8064726e-03   6.0977229e-03  -8.6127176e-03   1.7740476e-02  -2.2812761e-02   3.4560141e-02  -7.0939141e-03  -1.0470753e-01   4.3855323e-02  -4.7086029e-02   1.6567529e-02   2.7283257e-01   6.9716829e-02   7.4894645e-02  -8.4392434e-04  -7.9915960e-01  -1.1787126e-01  -1.3863471e-01  -1.8006426e-01   1.1744469e+00  -4.0645460e-01   2.1217679e-01  -8.7426709e-03  -4.2250638e-02  -3.1112185e-02  -1.5886928e-02  -1.2913907e-04   5.0903661e-03
   1.7249990e-01  -9.4834790e-02  -5.0466976e-02  -1.2194208e-03  -1.3500696e-02  -8.6203141e-02   9.5376384e-03  -3.7822857e-02   6.9397841e-02   9.8934979e-02   1.0948266e-02   2.5608652e-02  -8.7832606e-02  -4.2162632e-02  -2.1580121e-04  -3.9682252e-02   9.4698250e-02  -5.8379583e-03   5.4747621e-03   3.8667632e-02  -7.6090503e-02   3.2225923e-02  -3.5800146e-03   1.9686799e-03   3.1084646e-03  -1.3437231e-03   2.9036024e-02  -4.3144788e-02
   1.8208004e-02   3.0631654e-02   1.2556206e-02   9.3215652e-02  -8.3344927e-01   1.2964948e-01   2.5402084e-02   6.6234456e-02   9.3249854e-01  -8.4626499e-03   9.3380357e-04  -8.2667585e-02  -6.5342109e-01  -2.6816327e-02  -4.0977081e-04   6.3171810e-02   3.0751762e-01   2.7990392e-02  -2.1587326e-02  -2.1373969e-02  -6.2169677e-02  -2.9530708e-02  -1.0771772e-02   5.8381889e-03  -1.3988814e-02   1.8516865e-02  -1.0344697e-02   3.5009293e-03
  -3.7887986e-04   7.0257852e-03  -1.1103071e-02   2.9929877e-03  -3.2358000e-02   2.5733424e-02   1.4290497e-03  -9.3471902e-03   2.9447434e-02  -6.5751128e-02   6.7442118e-03  -1.0234224e-03   1.4862523e-02   2.0923194e-01  -4.7828449e-03   7.7920636e-02   1.9127777e-01  -7.6980519e-01   1.3711556e-02  -3.9795796e-02  -5.1636107e-01   9.9795084e-01  -5.0123353e-02   4.1334711e-02  -7.0877157e-02  -2.5074675e-02  -4.1250249e-04   2.1762587e-03
   2.0430352e-04   2.3503655e-03  -1.8079014e-02   1.3788424e-02   8.4962650e-03   1.4003777e-02  -6.6108110e-03  -5.9849033e-02   6.2772881e-03  -1.7325061e-02  -8.3004910e-03   1.1140355e-01   1.4422298e-02   8.9215824e-03  -1.8372997e-03  -2.9133787e-01  -8.9635384e-02  -2.5843786e-02   1.0480321e-02   3.7213833e-01   9.2722939e-02  -8.7905587e-03  -1.3477476e-03  -4.2908039e-01   1.6638529e-01  -5.5934686e-02  -4.6321857e-03   7.9543582e-03
   8.9980329e-04   1.8833350e-03  -3.2803274e-02   3.0570340e-03  -6.1377857e-03   2.7373478e-02  -2.8358446e-02  -1.5621050e-03   5.6788552e-03  -4.4828865e-02  -1.7787930e-02   3.8971557e-04   2.5073061e-02  -3.1755176e-03   1.9485301e-01   2.5947983e-03  -2.2096899e-02  -9.0248764e-02   1.2451574e-02  -1.5957642e-02   4.5433882e-02   1.6872200e-02  -2.5711319e-02   1.3320988e-02  -1.1094189e-02   2.1350037e-03  -6.0396511e-03   3.7836066e-02
  -7.0123321e-05   3.0701306e-03  -2.4089351e-03   2.6461365e-02   1.0686071e-01   9.0045999e-03  -7.1605907e-04  -9.9948640e-03  -7.9072024e-01   2.1191796e-02  -7.7810707e-04   3.2260699e-02   1.0074362e+00  -3.8507947e-02  -1.2777446e-03  -1.8351306e-01  -2.1154513e-01  -3.6621867e-02  -3.0357558e-02   2.2292793e-01  -1.8672580e-01   6.0618118e-02  -2.1236394e-03  -3.6994938e-02   5.5593576e-02  -2.2167661e-02  -1.2767257e-03  -7.4343318e-04
  -2.3121740e-03   2.3661261e-03   4.2982018e-03  -1.8681581e-02  -2.9394303e-03   1.7824456e-02   5.6517030e-03   3.1850032e-02   1.3265301e-02  -2.6594787e-02   1.1588121e-02  -2.3386037e-02  -2.1121936e-02  -8.6613502e-03  -5.1379540e-03   3.7924046e-02  -6.2410332e-02   1.4523106e-01   2.5210709e-02  -9.3888978e-02   3.0113831e-01  -4.4021153e-01   2.5154214e-01  -2.9668376e-02   4.8181460e-02  -2.2642328e-02   6.4510391e-03   4.0901363e-03
   1.2113396e-03   1.5453700e-03  -5.5603234e-03   2.1840254e-02  -3.8473343e-02  -1.0006796e-02  -7.8930399e-03  -6.9854312e-02  -8.7202450e-02   3.3092088e-03  -8.5544149e-03   5.5495441e-03   9.0651283e-01  -1.0970107e-01  -1.2566702e-04   7.5358250e-02  -1.2817909e+00   2.3523746e-01   1.0275270e-02  -6.8270623e-02   5.3382451e-01  -9.2064069e-02  -2.8713245e-03   1.0511660e-02  -2.2097447e-02  -1.0994018e-02  -2.4544325e-04   5.8699581e-03
  -1.4540304e-03  -3.5135185e-03   1.1431618e-03   5.8958765e-03   4.0332652e-02  -1.1011304e-02  -1.8768232e-03  -3.0500420e-02  -2.9041821e-02   1.5009612e-02   7.9954892e-03   4.2637095e-02   5.3913970e-03  -5.6697120e-02   2.1625612e-03  -9.1459414e-02   2.9657544e-02   1.9591303e-01   2.7359505e-02   8.7514004e-02  -4.4190250e-02  -2.2391528e-01  -2.2727097e-02  -4.6249619e-04  -1.7205339e-01   2.8721820e-01  -2.2380789e-04  -1.9889197e-03
   8.5953209e-04   1.7890470e-03  -6.0972329e-04  -5.3904341e-03   2.5239832e-03  -7.0507843e-03  -6.9835428e-04   2.5336241e-02  -1.6276764e-02   9.2541610e-02  -3.5461653e-03  -5.3084270e-05   5.2308692e-02  -5.6267105e-01  -2.8516407e-03  -3.7605557e-02  -1.9656920e-01   9.7732190e-01   7.4006941e-04   7.0542244e-02  -5.9093296e-02  -3.0168214e-01  -2.4427856e-02   6.8068268e-03  -9.8416712e-03   1.1029415e-02   1.4927083e-04   7.5666404e-04
  -3.3766583e-04  -3.1814715e-03   1.5267715e-02  -1.1705204e-02   1.3115758e-02  -3.0380364e-02  -2.7147367e-03   5.9646997e-02  -6.5920358e-02   6.8914251e-02  -2.5670856e-02  -2.1412377e-02   1.5450636e-02  -5.8935119e-02  -4.8287423e-06  -3.8905817e-03   5.8736800e-02   2.7989113e-02  -3.5349358e-01   2.7939526e-01  -1.8032759e-01   9.4460438e-03  -7.8321111e-03   1.0791695e-01  -8.4213444e-02   4.1514093e-02  -4.9340181e-03   3.6780002e-03
   2.0051678e-04  -1.4319460e-03  -2.6645353e-02   3.3840846e-02  -1.3058979e-02  -4.7625285e-03  -1.1711205e-02  -1.0413247e-01   7.1185818e-02  -6.2494963e-03   2.0864795e-01   1.0434591e-02  -2.3573427e-02  -1.5584519e-02  -1.9981415e-03  -1.0416587e-01   7.4763248e-03   2.6124139e-02  -1.5553869e-01   8.7753664e-02   2.3457474e-02  -2.8642742e-02   5.8160730e-03   6.4912303e-02  -6.1458208e-02   2.1290478e-02  -8.3278519e-03  -1.3181888e-02
  -5.1913028e-03  -5.5788866e-02  -4.7379291e-03  -2.2798172e-02  -1.2899020e-01   4.7495554e-01   1.2262863e-02   1.9601611e-02  -1.0055914e-01  -3.5785476e-01  -9.7582719e-03   1.8321175e-02   1.5536557e-01   1.1906104e-01   7.7690267e-04  -2.4160793e-02  -8.5314487e-02  -5.5714604e-02  -4.6016915e-03   2.9667554e-02  -1.3974858e-03   4.0957179e-02   2.6542302e-03  -5.8226920e-03   1.2336058e-02  -1.3568052e-02  -1.1942094e-02   4.0317600e-02
   3.5558685e-03  -5.4132155e-03  -1.4388901e-02   3.4109011e-02   6.2584320e-02  -3.2832201e-01  -1.0079905e-02  -4.2275162e-02  -3.1195362e-01   7.9429638e-01  -5.8718006e-03   3.0770520e-02   1.4557321e-01  -2.9268421e-01  -1.1831585e-03  -3.4866544e-02  -2.5016996e-02  -2.7986536e-02  -1.2013033e-02   4.8350669e-02  -3.1425812e-02   4.7814748e-02  -7.5326152e-03   1.1978298e-02  -1.3825153e-02  -8.8113022e-04  -1.1923972e-02   2.2923726e-02
   1.5158465e-02  -3.6215594e-02  -3.0584146e-02   4.0170519e-01  -1.0881764e-01  -8.0714944e-02   2.3518074e-02  -3.5892620e-01   4.9926208e-02   7.3993846e-02  -6.1506627e-03   1.7533694e-01  -1.0458008e-02  -1.7192385e-02   1.0806586e-03  -1.3285901e-01  -1.8630782e-02  -3.8556518e-03   2.6138364e-03   6.2460891e-02   2.6669663e-02  -5.0277055e-05  -1.3336861e-03   1.1107196e-02  -2.2468718e-02   4.3013366e-03   1.1664889e-02  -2.8247050e-02
  -9.8411894e-04  -1.2680501e-04  -4.9605387e-03  -6.4025810e-03   1.1379715e-02   4.8946853e-02  -5.4879734e-03   3.0262518e-02   5.4992802e-02  -3.5701517e-01  -8.9147652e-04  -4.5637180e-02  -1.2651321e-01   7.0417277e-01   1.4996638e-03   5.6334454e-02  -6.0652228e-02  -4.0582132e-01  -3.4944878e-03  -1.5187963e-02   3.0686394e-02   1.0998140e-01  -4.0876463e-03   5.9720647e-03   5.4204732e-03  -1.2448884e-02  -6.0989364e-04   3.7768529e-03
   1.7970317e-02   2.4105159e-02  -2.0067579e-01   3.8149091e-02  -3.0041089e-02   7.4359419e-02   6.6687365e-04   9.5615204e-02  -6.4165253e-02  -2.9015695e-02   2.4769115e-02  -4.3037929e-02   3.6988054e-02   8.6380048e-03   1.2175589e-03   3.9454213e-02  -1.6028016e-02   3.0605199e-02  -2.0862156e-02  -2.7259725e-02   2.1691891e-02  -4.2018426e-02   2.8035695e-03   5.4355294e-03  -1.1787727e-02   1.1248433e-02   1.6954659e-03   9.3159638e-02
   5.2527778e-04   6.3091643e-04  -1.4973831e-02   5.6032678e-02  -2.7125607e-03   2.6052619e-03  -3.3808081e-03  -3.4466543e-01   6.8506653e-02   5.7900044e-03   2.6356960e-02   5.2195488e-01  -1.0782347e-01  -4.4039504e-02  -9.0686608e-04  -1.2061947e-01  -9.3081448e-02   7.7459237e-02  -4.1640455e-02  -2.8200765e-02   5.9343517e-02  -2.2971867e-02  -9.9556924e-04   2.3405414e-02  -2.2848153e-02   1.0117658e-02  -1.8405750e-03  -2.2832859e-03
   1.9960585e-03   1.1721262e-03  -6.1028518e-03   2.0281787e-02  -3.2918158e-02   1.1444399e-03  -1.4234539e-03  -3.6049888e-02   6.6292039e-02   9.0556703e-03   4.7209941e-03   3.9147850e-02  -7.8389164e-02  -4.1167383e-02  -4.6424146e-04  -8.8520334e-02   1.5951146e-01   4.5219205e-02   1.9515418e-02   1.3850676e-01  -2.9539896e-01   6.4737803e-02  -1.2800810e-03  -2.4365709e-01   4.6852883e-01  -1.8422135e-01  -1.7948553e-03   4.1441191e-04
   1.3390497e-03  -4.2993421e-04  -2.0197001e-03   6.0984924e-02  -1.4771916e-03   4.7627090e-03   2.7430140e-04  -7.8057034e-02   9.9022376e-02  -1.6572962e-02  -9.0094681e-03  -3.7139080e-01  -2.9833297e-02   3.1902676e-02   2.1007174e-04   6.2186658e-01  -4.1494169e-02  -5.2278642e-02   9.0225544e-04  -2.6374632e-01  -2.5690343e-02   3.9713054e-02  -5.0970549e-03   1.7022944e-02  -1.2306683e-02   1.5661283e-02   1.8905707e-03   1.0551123e-02
  -4.2362121e-03  -2.1676747e-02  -4.4803558e-02  -1.6517954e-02   3.2311156e-02  -8.6210037e-02   1.7368860e-01  -2.6933579e-03   2.5353549e-02  -1.1392486e-02  -2.7446903e-02   1.1750188e-02  -1.4868188e-02  -2.0547698e-03  -4.5029166e-03  -1.6395949e-02   6.7492059e-03  -4.0515897e-05  -1.9529695e-03   2.0104297e-02  -8.1342109e-03   7.0038223e-03   3.2717708e-03   8.3566076e-04  -2.1495709e-03   6.4943810e-04  -9.6241374e-03   9.0933194e-02
