   6.4114568e-01  -2.8021059e-01   7.5242094e-01  -2.2820924e-02  -1.6829439e-03  -2.7394770e-03  -1.0452116e+00  -8.6703224e-02   1.0328247e-01  -3.0630776e-01  -1.6281651e-02   1.3800062e-01  -2.6778325e-01   3.4287090e-01   3.5263948e-02  -5.1359038e-01   1.8782857e-01   2.6034620e-01  -1.3251137e-01   6.4744232e-01  -3.8143854e-01  -2.2224921e-02  -2.0935259e-02   7.0258527e-02  -2.3697068e-01   9.0607169e-02  -7.0874594e-02  -5.6075771e-01
  -5.1486887e-01   6.0311811e-01  -3.6089870e-01  -2.0924355e-02  -1.2605260e-01   5.2540866e-02   2.8105499e-01   5.7687521e-02   4.6400974e-02   2.0746532e-01   2.9097918e-03  -2.0016410e-01   7.8840630e-02  -1.5749528e-01  -3.3948318e-03   1.7203700e-01  -2.0255636e-01   2.8740909e-02  -8.4301833e-02   8.2306137e-02   1.1799496e-01  -7.0020379e-02   7.1145678e-02  -4.0801573e-02   9.5351630e-02  -5.9776598e-02   7.5728282e-02   4.7953565e-01
  -8.9427171e-02   1.0985775e-01   4.9560341e-01  -8.1169264e-02   2.9917546e-02   1.1127457e-02  -3.5502070e-01  -1.3153529e-01   6.0170845e-02  -8.2113608e-02  -2.2667856e-02   3.5998389e-02  -1.1847700e-02   4.1321774e-02   1.5933946e-02  -1.0876780e-01   2.6248958e-02   1.9136399e-01  -1.8193174e-01   1.2386129e-01  -2.6182832e-02  -1.0942441e-01   1.0193930e-01   3.2326146e-02  -3.4078611e-02  -1.2868301e-02   6.5605223e-02   1.8270345e-01
   2.3015483e-02   1.4714903e-02   4.3672164e-01  -3.9506026e-02  -5.6969237e-02  -3.7367302e-03  -8.0060631e-02  -9.9810932e-02  -1.1757848e-02   1.2833074e-02   1.7570378e-02   2.8948662e-01   5.5029941e-02   4.8850904e-02   1.3671720e-03  -3.1564794e-01  -9.6382851e-02  -2.5041182e-01   5.0024823e-02   1.7386506e-01   2.0036955e-01   1.7131097e-01   1.4353862e-01  -5.2417660e-03  -1.7891614e-01  -2.5871245e-02   1.0858889e-01  -3.7067391e-01
   2.4568950e-02   2.4397255e-02  -5.8798939e-02  -4.2376430e-02  -5.5480757e-01   1.7147519e-03  -5.4144779e-02  -2.1700834e-01   1.1990407e+00  -1.0927790e-01   4.4482413e-03   2.5853204e-01  -2.2116185e-01  -7.1406010e-02   1.1408399e-03  -2.8777401e-01  -2.2012707e-01   2.6667644e-01   3.1357617e-02   2.0773874e-01   5.6138172e-02  -1.3040081e-01   3.5167161e-02  -1.6897010e-02  -3.0340705e-02  -4.2891185e-03  -5.7155714e-03   1.0129969e-02
  -5.6767218e-02  -7.3264755e-03  -4.7725730e-02  -6.2961482e-02   9.7567216e-01  -5.0540382e-02  -1.0824311e-01  -1.9950952e-01  -6.6483580e-01  -1.1320722e-01  -1.9971666e-03   3.5932597e-01   3.8744823e-02   2.6170310e-01   1.7620367e-03  -2.5211293e-01   8.6060451e-02  -3.4144985e-01   8.8802677e-02   4.1328831e-03   5.5439274e-02   1.5124315e-01   4.8488874e-02  -2.0805533e-02   5.6984822e-04  -3.0634082e-02  -6.5891078e-03   6.6362802e-03
   2.7546105e-03  -8.9053990e-03   2.1413572e-02  -1.3025045e-02   4.7453441e-03   1.7075361e-03   4.7282871e-04  -1.5962607e-02   1.1352204e-02   2.5794103e-02   2.6647732e-03   9.0869146e-03   8.1206033e-02  -9.0944168e-02   5.2040426e-04  -1.7839154e-01  -5.9804801e-01  -6.1320590e-02  -1.0150826e-01   2.8043781e-01   5.2863423e-01   3.1079088e-01  -1.0571833e-01  -2.0531997e-02  -6.8172520e-02  -2.6257455e-02  -1.1662835e-02   3.1697147e-03
  -1.9711250e-01  -6.2167324e-02   2.3433787e-01  -5.7790947e-03  -7.9458172e-02   1.1916796e-03   2.1752313e-01  -9.7895775e-02   6.5922544e-02   3.0744731e-02  -9.9459247e-03   1.0919218e-01  -8.3759865e-02  -2.8625118e-02  -6.7395709e-03  -1.5043777e-01   8.5199219e-02   8.3345220e-03  -2.0910845e-04   9.3078229e-02   2.8587055e-04  -4.4893117e-02   5.1037987e-02  -1.2727646e-02   7.8323423e-03  -1.9148785e-02  -1.6531706e-01   5.8823852e-02
  -3.0597643e-03   2.9661994e-03   6.8547811e-02  -7.0531488e-03  -1.8737875e-02  -3.5120814e-03  -1.3508859e-02  -3.5780485e-02   2.2900593e-02  -5.5476974e-03   1.7598205e-03   1.0615021e-01  -4.9023629e-02   7.9635525e-04   7.7846259e-03  -1.4301321e-01   6.9284774e-02   7.4217632e-02  -2.8064475e-02   1.1392731e-01  -6.2353234e-02  -4.1336511e-02  -2.2490615e-01   7.5077701e-02  -2.9526580e-01   4.3221366e-01   6.1932398e-03  -6.3736685e-02
  -3.2620053e-02   1.1575823e-02  -1.5017133e-01   1.3748389e-01  -1.1910623e-01   6.6491494e-03  -2.8968836e-02   4.7011196e-01  -2.8027267e-01   9.7634311e-03  -5.1884906e-03   9.7628208e-02   2.0818537e-02   3.6280329e-02  -2.1140572e-03  -1.7878539e-01   2.3149589e-02  -4.6169683e-02  -7.8699497e-03   7.6235251e-03   2.6414281e-02   5.1492246e-02   1.1957427e-02   6.3266011e-03  -2.1982138e-02  -4.1248760e-03  -1.1313136e-02  -3.9088931e-03
   8.1580552e-02  -8.3567859e-02  -4.1718024e-01   8.7318388e-03  -8.0558660e-02  -1.5408582e-03   5.3171593e-01  -2.3543581e-02   1.0206055e-02   1.0037306e-01  -5.7086109e-03   1.5393222e-01  -5.7708118e-02   1.3090671e-02  -6.2197055e-03  -2.2249500e-01   6.3053963e-02  -1.1422180e-01  -7.7151508e-02   1.4537588e-01   1.3453683e-02   5.1729654e-02   8.1975268e-02   3.3221976e-03  -2.3253937e-02  -2.2144166e-02   2.8255039e-02   6.0379140e-01
   6.6210099e-03  -7.2209703e-03   8.5264692e-02  -9.0429441e-03  -3.2564811e-02  -1.0190524e-03  -1.0529661e-03   1.2919127e-02   5.9666341e-02   7.8824285e-03   5.5560998e-03  -2.1985206e-02  -1.0690187e-01  -3.1560306e-02  -7.1288407e-04   1.5136268e-02   2.0086914e-01   6.1784072e-02   1.4061707e-02  -5.4162845e-03  -2.6049828e-01  -6.0993471e-02   7.8736860e-02  -2.2633415e-01   8.0264342e-01  -3.4108711e-01   1.8679223e-02  -5.5271928e-02
   3.5610244e-03  -1.7088172e-03  -6.8492655e-02   8.4799689e-03   1.8220223e-02   7.5192968e-04   6.4363040e-03   3.3963869e-02  -1.3303623e-02   9.9991819e-03   2.1077398e-03  -1.2483851e-01   5.6731469e-02  -9.5630404e-02  -1.2813775e-02   1.9296596e-01  -1.5274273e-01   2.3946822e-01   3.2768971e-02  -1.2006777e-01   2.0063978e-01  -5.0013698e-01   4.8324531e-01   5.6197697e-03   4.8227419e-03  -4.3689204e-02  -6.6474248e-03   5.8228403e-02
  -1.5445868e-03   1.5776274e-03  -6.9947546e-03  -6.0953793e-03   1.1382120e-02  -1.3276709e-03   9.5629083e-03   6.8754866e-02   8.3241265e-02   2.3329924e-02   1.9575339e-03  -2.7898758e-01  -5.2714677e-01  -3.5025484e-02  -1.4462064e-03   1.6846297e-02   1.1791157e+00  -2.0295789e-01  -5.1100720e-03   6.8718268e-02  -5.1031640e-01   1.0668624e-01   2.0827540e-02   2.1656828e-03  -1.0723752e-02  -1.5350919e-03  -5.7439119e-04   1.2829534e-02
  -1.7247420e-03   1.7000466e-03   2.5652894e-02  -1.2114005e-03  -9.2639415e-03  -2.2207436e-03   1.0654153e-03  -1.4074972e-02   1.3387054e-02  -3.7692266e-03   6.4269987e-03   3.5990014e-02  -1.7384946e-02  -7.8596011e-03   7.6360873e-04   1.2870647e-02  -2.0469320e-02   6.1883398e-02  -1.2328978e-01  -3.5533466e-02   7.5751553e-02  -8.3997260e-02   1.9612595e-03   3.4630479e-01  -3.6355719e-01   1.2666736e-01   3.5347657e-03  -1.3115983e-02
  -3.3026999e-03   3.5740238e-03  -1.2739018e-02  -7.4687604e-03   1.3003048e-02  -5.4408929e-03   4.6391155e-03  -1.0753436e-01  -4.2449210e-02  -1.2466752e-02   8.7348163e-04   5.5079710e-01  -5.3266193e-02   9.6996519e-02   1.7830433e-03  -1.0866993e+00   3.0706612e-01  -1.1559327e-01  -1.6641612e-01   1.1838551e+00  -6.4377978e-01   1.1178150e-01  -1.8320612e-02  -4.3490358e-02  -1.1996147e-02   2.0117118e-02  -3.3513864e-03   7.9002589e-03
   1.3924958e-02   6.6425774e-03  -2.4868356e-02  -3.6871864e-02   4.2403146e-02  -3.8520130e-04  -1.6308735e-02  -2.5941091e-01  -1.8822301e-02   7.3525502e-03  -1.7433753e-03   4.8296011e-01  -1.2699109e-01   3.7768081e-02  -8.2946242e-04   6.7674788e-02  -1.2647983e-02  -8.4009908e-02  -3.2289952e-03  -7.4276551e-02  -3.6748364e-02   5.4965205e-02   8.0756911e-03  -1.4812731e-03   6.9486516e-03  -5.2813759e-03   2.6229595e-03  -1.1662957e-02
  -2.0688792e-03  -3.8512397e-03   2.4107968e-02   4.2401772e-03  -9.8838563e-02   4.3112542e-02  -9.3879540e-02  -3.2862936e-02  -3.2762604e-02   2.8853136e-01   3.9254607e-03   3.8365345e-02   3.0737226e-03  -1.1866350e-01   6.2227018e-04  -1.9071385e-02   5.0282612e-03  -3.3334870e-02  -2.9054978e-04   4.4201454e-03   9.5266173e-03   2.5421449e-03   7.8365760e-03  -2.9437345e-04  -1.8894187e-03  -4.5797635e-04  -7.4735976e-03  -2.6561429e-02
  -3.3467788e-03   9.4455230e-03   3.3590580e-03   2.9793445e-03   5.4343931e-02  -1.8243476e-01   4.7034149e-02   7.3648950e-03  -1.4845104e-02   1.2675353e-01  -2.4366872e-03  -3.4060743e-02   1.4806258e-02  -8.6903656e-02  -6.1904214e-04   2.7381404e-02  -1.7970946e-02   8.6451670e-02   1.2316660e-02  -1.8075241e-02   1.9769699e-02  -4.2624802e-02  -3.8226670e-03  -1.3014431e-03   1.2717717e-03   1.9638532e-03  -4.0510532e-03   3.9887699e-03
   4.4581062e-03   1.8789087e-03  -6.4189311e-02   7.4360272e-03   7.9858008e-03   7.1101470e-04  -2.6029051e-02   1.2143354e-02  -1.9148477e-02  -4.4326155e-03  -1.1056110e-02  -1.4466726e-02   2.6270431e-02  -1.0961504e-02   1.9064129e-01  -7.7796943e-03   1.6838697e-02  -9.6682474e-02   1.0566288e-02   1.7896141e-02  -1.6183481e-02   6.1748263e-02  -4.9068266e-02  -1.0776355e-03  -1.7848091e-03   7.5260955e-03  -6.7848143e-03   7.0716573e-02
   3.6620825e-03   7.0549976e-03  -1.4172611e-02   2.4960614e-03   3.7419087e-02  -1.4154741e-02  -5.2038108e-02   2.8131406e-02  -7.8799594e-02  -1.8684882e-01  -1.3824378e-03  -7.8329079e-02  -1.0140283e-01   7.3642120e-01   4.7441230e-03   1.5660160e-02   4.6817840e-02  -4.5388068e-01   7.1630285e-03   3.5830812e-02  -1.6743515e-02   1.0588854e-01  -1.2679866e-02  -3.9095152e-03  -1.1912071e-03  -9.3901007e-04  -9.7440170e-04  -2.8910037e-04
  -4.0437628e-03  -5.2365052e-03   6.0166469e-03  -9.0538634e-03   1.6372038e-01  -1.5968446e-03   4.5895594e-03   6.0515956e-03  -5.7388175e-01   2.2949262e-02   6.2777328e-04  -1.4268749e-01   9.7460347e-01  -1.0611780e-01  -1.4779892e-03   1.2335716e-01  -6.2729392e-01   7.4010927e-02   1.7164093e-03   8.9074696e-03   8.5539084e-02   2.3758427e-02   6.1042209e-03  -7.1366834e-04  -7.7053953e-03  -4.5774796e-03  -2.4351594e-03  -3.2707040e-04
   3.4983431e-03   5.7299956e-03  -4.5935786e-02   3.0609661e-03   1.0797636e-02   2.2511048e-03  -4.2403895e-02  -1.5012429e-03  -1.6807194e-02  -5.2025759e-03   1.9443869e-01  -4.1089031e-02   2.1108747e-02   6.5500619e-03  -1.5094285e-03  -5.4121239e-02   1.9631946e-02  -2.8200674e-02  -6.8125233e-02   4.7770730e-02  -8.8292662e-03   2.2089555e-02   4.6104032e-03   6.5871229e-03   7.6502479e-04  -3.0022637e-03  -7.6065631e-03  -4.2546580e-02
   5.4250546e-03  -7.7334043e-04  -1.7159885e-02  -3.1326959e-04   1.8483505e-02   4.9184863e-03  -3.7089044e-05  -1.7823366e-02  -3.1013021e-02   8.0039892e-02  -2.4587561e-03   7.3494504e-02  -2.5703279e-03  -4.5593944e-01  -1.6933134e-03  -9.2874835e-02  -1.0908559e-01   8.1053637e-01   7.7465165e-03   7.2328029e-02  -3.2871506e-02  -2.8025980e-01  -3.1492505e-02  -1.7170659e-03   1.8010234e-04   1.1188157e-02   2.6561379e-03   8.6616833e-03
   9.0875011e-04   2.6223136e-03   3.9406669e-02  -3.8353790e-03  -9.6840660e-03   3.3214920e-03  -1.1171687e-02   2.1276493e-02   4.4351591e-03  -4.4140251e-03  -7.4414209e-03  -1.0378964e-01   5.9294640e-02   1.9944550e-02  -3.7017869e-04   1.1547332e-01  -8.7959104e-02  -3.9523334e-02   3.8233190e-01  -2.8693858e-01   1.4363220e-01   2.6987245e-02  -2.1407047e-02  -4.7512475e-02   7.8178568e-03  -1.4754617e-03   1.1728779e-02  -4.7041128e-02
  -2.9208124e-03  -1.2978756e-03   1.0004974e-02   2.3558603e-02  -6.3959745e-02  -8.4324866e-04   4.3575280e-03   2.2574091e-01   1.0892364e-01  -2.5576948e-02   5.3996734e-03  -8.0244569e-01   4.6712919e-02   9.6928592e-02   7.0521225e-04   8.0825442e-01  -1.3225055e-01  -1.2856071e-01  -4.5931967e-02  -1.1442953e-01  -1.0198180e-01   8.7393893e-02  -2.5903325e-03  -2.6953067e-03   4.6737911e-03   1.3733371e-04   9.2390240e-04   2.6952646e-03
   5.7151018e-03   1.3265973e-04  -4.6044241e-04   2.1932252e-04   3.8796851e-02   3.1409102e-03  -1.1507945e-02   6.6189900e-03  -7.1233395e-02   1.4493453e-03  -1.1885559e-03  -7.2802676e-05   6.2091370e-02  -2.3494900e-02   2.4494997e-04  -8.3172060e-02  -1.4232995e-01   2.2355506e-01   8.6442252e-03   8.1873646e-02   3.2173355e-01  -4.7882984e-01   6.1764544e-02  -8.5249414e-03  -2.0861456e-02   3.5194465e-02   5.0790748e-03  -8.3564453e-03
   8.0585369e-03  -1.4444635e-03   2.8507110e-02  -1.6198138e-01   3.6275796e-02   2.7539901e-03   4.2963478e-03   1.7252789e-01  -3.0132594e-02   2.9983739e-04   4.7266551e-04  -9.1509376e-02   2.6963973e-03  -1.8878928e-03  -3.9733066e-04   4.9809773e-02   5.0854586e-03   2.2981875e-03  -3.0315933e-03  -1.5745907e-02  -4.5433255e-03  -2.9670642e-03  -7.6240009e-05   3.9853590e-03  -5.7337339e-03   3.3391120e-03  -5.1964360e-03  -3.7411246e-03
