  -9.8593183e-02  -3.9417609e-01   1.8473630e-01   2.4828570e-01   3.6030698e-01  -6.8300733e-02  -1.2801243e-01  -1.4919212e-01  -3.6141840e-04  -1.5612240e-01   3.5346153e-02   8.3624072e-02  -1.8938250e-01   3.3318269e-02   1.8527696e-01   2.2421515e-01   1.2143894e-01   6.9794324e-01  -4.1920148e-03  -3.4009302e-01  -4.9392668e-02  -7.9220362e-01  -3.9651349e-02  -7.2994753e-01   1.4935431e+00  -4.9163153e-01   8.2077294e-02
  -4.7067403e-02  -5.7128491e-02  -2.8167604e-02  -3.4105330e-02   4.8247614e-01   1.7282388e-02  -1.1199184e-02  -1.4428874e-01  -1.0581376e-01  -2.1605163e-01  -2.0604555e-02  -5.3616257e-02   2.5002723e-01   1.7611905e-01  -2.2121882e-02  -1.8756266e-01   1.5064543e+00  -1.0794138e+00  -5.6326206e-02  -1.2771194e-01  -1.0789930e+00   1.2802508e+00  -2.6851912e-01  -2.4356674e-01   9.6599440e-01  -5.8808272e-01   3.4519814e-03
   1.4629913e-02   1.1192446e-02  -3.6087286e-01   4.5203421e-02  -3.5064222e-02   2.1194167e-01   2.5099137e-01  -2.8882887e-01  -3.7260460e-02   2.8108811e-02   1.6749168e-01   1.2935323e-01   5.7838245e-02  -1.0701388e-03  -8.7093110e-02   1.1068169e-01  -1.1083810e-01  -4.5214327e-02  -1.1239642e-02  -3.4845639e-02   9.1992710e-02  -1.2254644e-01   5.0796350e-03  -3.6041557e-02   8.2206661e-02  -6.8012129e-04   8.4569793e-03
  -6.5940330e-02  -1.0963837e-01  -1.9684753e-02  -5.7786310e-02   9.3748367e-01  -1.4415327e-01   2.4300121e-02  -1.1886093e-01   4.5817482e-02  -3.0432899e-02   1.2961221e-02   6.4683892e-02  -5.8820405e-01   8.4633719e-02  -3.2372608e-03   1.6546317e-01  -4.1213515e-01  -8.2641381e-02   6.1898762e-03  -1.1598920e-01   2.7697000e-01   2.5405299e-01  -4.7469269e-02   8.8566473e-02  -1.6586107e-01   4.0738247e-02  -5.3194748e-03
   1.4896396e-01   1.4010308e-01  -6.3055337e-02  -1.8008276e-03  -1.0250070e-02  -1.3918433e-01  -4.2258711e-02  -1.2283507e-02  -1.1525974e-03   6.8372102e-02  -6.5095967e-03   1.6331479e-02   1.9186188e-02  -2.1168088e-02  -5.3539958e-03  -5.9239364e-02   8.7746570e-02  -2.9485158e-02  -2.7131083e-04   7.5689854e-03  -1.0742137e-03   5.0944079e-03  -3.8692585e-03   8.3650084e-02  -1.1451724e-01   7.8317301e-02   1.6080924e-01
   7.0180123e-02   6.3167513e-02  -2.6804056e-01  -3.5573382e-02   5.7543479e-01  -3.4280451e-01  -1.7203589e-01  -3.1349791e-01  -1.4706308e-02   3.0880221e-03   1.4333046e-01   1.2936867e-01  -5.7906068e-02  -1.2417357e-02   7.2328837e-02   1.4406144e-01  -6.7803332e-02   1.4190463e-01  -1.4790002e-02  -6.5727133e-02  -1.5133388e-02  -6.0596255e-02   3.5709119e-03  -1.7780507e-02  -6.0992860e-02   1.9108732e-02   1.1851923e-02
   1.0477550e-03  -1.4568247e-02   1.0322130e-01   1.7111194e-02   6.8676286e-02  -6.2921135e-02  -5.3862538e-03   1.2880887e-01   1.5776462e-02   1.0128841e-02  -3.5153564e-01  -2.8564441e-02   1.5345740e-02  -2.0023646e-02  -1.5293882e-03  -5.6928037e-01   1.9712924e-01   1.7818814e-01   2.0419407e-01  -7.0742238e-02   3.8978341e-01  -4.7354606e-01   1.1707985e-01   6.5216206e-02  -1.9004123e-01   1.1553126e-01   6.2104747e-03
   9.9270424e-03  -5.9848680e-03   4.1453880e-04  -1.7302029e-02   1.1813576e-02   2.4096744e-02  -2.0392347e-03   2.5544787e-02  -1.4208027e-02  -6.5568786e-02  -1.7670841e-02  -2.9040658e-02  -6.9463163e-02   2.7891318e-01  -8.4605660e-03   9.3264542e-02   3.8860137e-01  -1.2527778e+00   4.2140029e-02  -6.2520167e-02  -1.0163354e+00   2.1372402e+00  -2.6761564e-01   1.9200228e-01  -4.2313201e-01   6.6798292e-02   3.2647039e-03
  -3.8804653e-03   9.1030176e-03   2.2855925e-02   1.4988513e-02   6.9533380e-02  -1.8454072e-01  -6.6565070e-02  -2.1935120e-03   1.3427321e-02   7.0537900e-02  -2.5901572e-02   2.3882556e-02  -7.5472687e-02  -2.6063464e-01   2.8419859e-01  -3.2303088e-02  -2.6210945e-01   1.0327404e+00  -3.1888330e-02   7.6017831e-02  -1.2269755e-01  -3.5216214e-01  -2.0407330e-01  -4.7248162e-02   3.2836417e-01  -1.4938375e-01  -6.3834344e-03
   7.5998940e-04  -1.3679813e-03  -5.4471823e-03   8.2409149e-04   6.9658139e-02  -1.4904084e-02  -4.8338974e-03  -8.2562229e-03  -5.4178864e-03   6.9603904e-03   1.8319996e-03   3.3132139e-02   1.0042120e-01   1.6711686e-02  -3.4926020e-03  -3.0801483e-02  -1.0519526e+00   5.5128931e-02  -2.6872850e-02  -3.4565239e-03   1.2039727e+00  -1.8117416e-01   4.0896028e-04  -1.7257761e-02  -1.3080675e-01   6.2098267e-03   4.2956685e-03
  -7.3880386e-03  -2.2532480e-04   8.1750994e-03   3.9224394e-04   4.4747830e-02  -9.7836871e-04   5.6002080e-03   1.8010845e-02  -1.2048245e-02   2.8086347e-03  -1.5041171e-02  -4.8008547e-03  -1.9945519e-01   2.3773920e-02  -1.4930076e-02  -8.7139668e-03   5.3446368e-01  -1.7568930e-02  -1.4768555e-02   1.9461798e-02  -6.8313698e-01   9.2938848e-03  -6.9492389e-03  -4.3159185e-01   1.3637846e+00  -5.6756209e-01  -2.9722825e-03
  -7.0133127e-04  -1.0579557e-04   6.9936625e-03  -3.1909062e-03   7.5429702e-03  -5.3867157e-02  -1.0420024e-02  -3.6993437e-03  -9.9772837e-03   1.1700843e-01  -7.4375813e-03   1.3155724e-02  -5.1635627e-03   3.3945400e-02   1.1734021e-01  -3.9137044e-02   2.1639397e-01  -5.4012604e-01   8.2453523e-03  -2.5264531e-02   1.3018639e-02   1.9306595e-01  -2.4230822e-03   4.2169519e-02  -7.4272346e-02   3.2246245e-02  -2.2000573e-03
   2.0918074e-01  -2.0493150e-01  -8.4813933e-02  -4.1253393e-02  -8.9726039e-02   2.0322990e-01   6.0540670e-02  -4.8605242e-02  -1.4629169e-03  -7.2176132e-02   2.1022217e-02   3.6296179e-02   3.3634852e-02   2.1361965e-02  -1.1303992e-02   8.9714890e-03  -2.8014376e-02  -4.2657872e-03   1.9501422e-03  -1.3743472e-02   2.4390970e-02  -2.5196087e-02   4.0199272e-04  -4.3297723e-04   2.0799066e-02  -1.2733192e-02   1.2378049e-03
   2.7690786e-03   1.8697375e-03  -4.2342230e-03   1.4824731e-02  -4.5141945e-02   8.3635497e-03   4.8953868e-03  -7.1050089e-03   1.9771425e-02   1.1314866e-03  -1.1184589e-02   9.4596591e-03   3.9530214e-02  -1.0076000e-02   1.8008446e-02  -1.6803982e-02  -6.9342281e-03  -3.3594680e-02   4.9359550e-02  -1.1796979e-01  -4.2763960e-02   1.5973456e-01  -5.1270661e-02   6.4886808e-01  -5.6338885e-01   6.7834706e-02   2.0469745e-03
   1.7162452e-03   1.0626725e-03   3.0370034e-03  -2.4360935e-02   1.3764866e-03   1.1388809e-02  -5.9816650e-03  -5.6024530e-03  -7.4297150e-03  -2.3526207e-02   4.8510384e-02   2.7663850e-02   5.6059195e-02   4.7849139e-02  -1.9988151e-02   2.6462475e-02  -8.1891969e-02  -5.7583062e-02  -3.9842723e-02  -6.0005505e-02   9.9884632e-02  -1.6954868e-01   3.7499093e-01  -4.8194486e-02   5.3375382e-01  -5.4584440e-01   3.7316527e-03
   5.8494010e-03   3.0693888e-02  -7.5044545e-03  -2.9400425e-04   4.5855143e-02  -3.9289892e-01  -9.4411442e-03  -1.3873387e-02  -2.5433769e-02   6.9763473e-01   8.6981504e-03   2.3190968e-02  -1.3773797e-01  -3.3030050e-01  -3.1770248e-02  -3.8812508e-02   1.3707716e-01   6.7624295e-02   3.6419551e-03   5.8049654e-03  -3.0131403e-02  -1.9589006e-02   7.3061775e-03   8.2083404e-03  -1.6644436e-02   9.8560113e-03   5.3651685e-04
  -3.4687855e-03   1.8740651e-03  -1.9837678e-03   3.5095468e-04  -2.0919170e-02   8.5529804e-03  -2.0397135e-03  -4.3998698e-03   7.0532591e-03   1.2825355e-02   6.3160633e-02  -1.2531581e-02  -4.0681467e-02  -7.7272621e-02   1.8801829e-02   8.6380440e-02  -7.8363814e-03   3.6116051e-01  -3.9530693e-02   4.4961843e-03   8.5046252e-02  -6.3023712e-01   8.6659144e-02   1.4336578e-01  -5.7744111e-01   7.8655258e-01   5.3815477e-04
   1.8586914e-02   9.3944223e-03  -7.8880948e-02  -2.8173476e-02  -1.6650807e-01  -9.4630954e-04  -3.5269909e-03   5.4137634e-01  -1.2401249e-02   1.3474478e-02   1.7700111e-02  -4.7688668e-01  -1.7592576e-02   4.5720252e-04   6.1596271e-03   1.7977564e-01   3.3159474e-02   3.5972685e-02  -4.6476304e-03  -1.3372951e-02  -1.6715409e-02  -4.5116712e-02   2.0094569e-03   8.9475766e-04   3.3760384e-03   5.9588282e-03   2.1909984e-03
   1.3923609e-03  -3.2874812e-03   5.1888462e-03   1.0530866e-02   5.6243982e-03   6.1747266e-03   3.6578014e-03   4.0217870e-03  -8.1723685e-04  -2.3390739e-02  -8.4209584e-02   1.6355603e-02   2.2729957e-02   2.7647562e-02   1.1506471e-02  -1.6006144e-01   5.1027989e-02  -1.1604281e-02   3.7424733e-01  -2.6413130e-02   1.8019466e-02  -2.9585394e-02  -1.2495019e-02  -3.2789332e-01   1.6546527e-01   5.1675650e-02   4.4686283e-03
   5.7591165e-03   1.3809465e-03  -3.3903040e-03  -2.1744914e-02   3.4325027e-02  -4.0635864e-03  -1.4750500e-04  -2.2114077e-01   2.3311537e-03   2.0111835e-03  -4.6275213e-02   6.5024269e-01  -1.0022848e-01   3.5853607e-03  -3.5675479e-03  -4.2638976e-01   1.5475262e-02  -4.5785147e-02   2.5805124e-02   2.3503250e-02   3.5470183e-02   8.6941934e-02  -7.2814750e-03   3.7817296e-03   4.7902633e-03  -2.6298958e-02   1.6184692e-03
  -2.0036796e-02  -6.3271626e-03  -6.6285592e-02   4.8091032e-01  -1.9784327e-01   1.3270723e-02   6.1578864e-03  -4.2649851e-01   1.7657085e-02   1.3492229e-02   7.1469396e-03   2.5116272e-01   4.2099315e-02   1.1620935e-02  -1.7267323e-03  -9.5412020e-02  -2.7835266e-02  -4.6075983e-02   4.5320343e-03  -1.0591061e-02  -6.6599295e-03   6.5433498e-02  -5.5257528e-03  -6.0793689e-03   2.5739500e-02  -2.5687270e-02   1.7707808e-03
  -2.6225794e-03   4.4991757e-03   2.6467265e-02  -2.6474757e-03   2.0264788e-02  -2.0074545e-02  -1.4983155e-03   3.6060696e-02  -2.9186681e-03   1.2697930e-02  -1.2902356e-01  -2.2557403e-01  -7.1527248e-03  -1.2174662e-02   4.7533515e-03   5.3214626e-01  -1.5864755e-01   6.6997241e-02   5.5521958e-03  -8.4785720e-02  -4.7468246e-02  -3.0893880e-02  -1.4997601e-03  -2.5967984e-02   3.2301733e-02  -8.2606404e-03   3.3648718e-03
   5.8098040e-03   1.0189135e-02  -1.4630021e-04  -8.6685372e-03   2.0793224e-01  -4.6638008e-01   9.1243038e-02  -1.9206011e-02  -8.9601821e-03   3.2831531e-01  -4.3839377e-03   4.5078339e-03  -5.5447277e-02  -1.2823319e-01  -1.8543455e-02  -9.7916899e-03   6.1057852e-02   2.1561317e-02  -1.7646880e-03   1.4726925e-02  -3.2463825e-02   1.9938824e-02  -1.5657717e-03   1.0341312e-02  -1.9736086e-02   6.9124101e-03  -3.0717982e-03
  -1.9055207e-03  -5.2987274e-04   2.7725055e-03  -6.2318993e-04  -6.5890180e-03   4.0369535e-02  -5.2205483e-03   1.0399521e-02   7.4483353e-03  -2.0410255e-01   1.6024340e-04  -7.5512885e-03  -6.4197241e-02   5.2725002e-01   6.1617964e-03   4.9807251e-03   2.3617849e-02  -4.7834733e-01  -1.5346783e-03  -9.7918774e-03   7.6867194e-02   6.7674678e-02   1.5506307e-02  -1.7400279e-03  -5.1406684e-03   8.7981710e-03  -7.5754598e-04
  -1.2076805e-03  -9.3071186e-04   4.0088757e-03   8.5521064e-03  -4.7878362e-03   6.2412406e-03   2.1203908e-04  -1.9757228e-02   5.2312145e-03  -4.0622274e-03  -1.0666032e-02   8.3063048e-02   4.7603433e-03  -8.7719033e-03  -4.2192155e-04  -3.6998912e-01   7.6157742e-02   3.7015213e-02  -6.1599915e-02   5.1947682e-01  -1.9462359e-01  -3.4002625e-02   6.5326607e-03  -6.0685630e-02  -1.1296612e-02   2.0846169e-02   9.0648227e-05
  -3.9487321e-03  -6.4958964e-03  -1.7432423e-03   3.6474055e-03   8.3456105e-02  -7.3999455e-03   4.3281701e-04  -2.2325685e-03   1.4671245e-03   7.3484888e-03  -3.7865337e-04   1.2803439e-02  -4.4145269e-01   3.9579575e-03   5.5155687e-04  -3.5491867e-02   6.7674257e-01  -1.2602802e-02   8.0021090e-04  -1.0500157e-02  -2.2531104e-01  -4.3905778e-02   3.0738215e-03   6.5211488e-03  -1.9015652e-02   9.8860260e-03   1.0890525e-03
   7.4156458e-03   6.6950253e-03  -2.8345611e-03  -6.3840276e-04  -1.0995223e-01   1.0420883e-02  -7.6334196e-04  -1.3311552e-03   2.1595353e-01  -4.8635407e-03   2.2219746e-03  -4.5740829e-03  -2.0520131e-01  -7.4618530e-03  -7.8224222e-04   1.6822741e-02   1.0750719e-01   6.2953378e-03  -4.4937358e-04  -1.0380194e-02  -2.7384247e-02   2.3816280e-03   3.6799608e-04  -9.3288140e-03   2.0453573e-02  -1.0590604e-02   1.0864931e-03
