  -6.9459363e-02  -3.2534643e-03  -5.5480599e-02  -5.7201983e-01   3.3922673e-01  -1.0366870e-01   8.7103479e-03   5.0463987e-01   3.1673045e-02   1.0665883e-01   1.7826485e-02  -2.5333206e-01  -1.6380587e-01   1.0529131e-02  -4.9116751e-03   3.2192436e-01   9.0614770e-02  -1.1703572e-01   1.8384944e-02  -1.7911202e-01   3.2455186e-02  -8.6909962e-03  -1.0631457e-02  -1.8042685e-02   4.7385274e-02   1.5442865e-03   1.8582282e-01  -1.2134666e-01
   2.8467740e-02   2.3917206e-02   8.4957783e-02   4.0820648e-01   4.0896586e-01  -1.0744423e-02   6.0402220e-02  -1.1198590e+00  -1.2612823e-01   1.1617411e-01  -5.1042766e-03   1.2616404e+00  -3.5705524e-01   1.3833333e-01   2.3497409e-02  -7.8558357e-01   2.7158339e-01  -4.3534071e-01  -5.6446682e-02   3.5105649e-01   3.5557408e-01   9.5671956e-02   5.3238790e-02   1.9133392e-01  -5.7599019e-01   1.1876395e-01   1.8613129e-01  -6.3377048e-02
  -8.8929334e-02   1.7344500e-01   2.9296506e-02  -2.9374104e-01  -4.5476767e-01   3.1994882e-01  -3.0274135e-02   4.9020585e-01   4.3324838e-01  -3.1726154e-01  -4.6577620e-03  -4.0613058e-01  -2.0542424e-01   1.6840855e-01  -1.6987605e-03   2.3926875e-01   1.0268986e-01  -1.2054185e-01  -4.0121918e-03  -4.5568196e-02  -4.6773981e-02   5.8878034e-02  -4.1877103e-03  -5.9429338e-03   2.2367731e-02  -8.2933843e-03   1.3716813e-02   2.7590002e-02
  -1.7756104e-02   3.7267843e-03   4.0212896e-02  -2.6141529e-02   4.4101407e-02  -7.4582171e-04  -4.1190707e-02   1.8488295e-02  -5.2696413e-02  -5.1951267e-02  -1.0934301e-02  -4.2818649e-03   8.7533561e-02   4.1844479e-02   1.7400170e-02  -5.1132373e-02  -7.0484948e-02   8.0018824e-02  -3.0538494e-03  -2.0410229e-02   3.2587630e-02  -3.2244835e-02   5.5674040e-03  -1.6668668e-02  -1.7791617e-02   8.9803257e-03   4.3300262e-02   2.4140241e-01
  -3.1096808e-03  -2.4028158e-02   1.6278727e-02   3.2432424e-02  -7.9669726e-01   2.4565195e-02  -1.3525114e-02   1.0116967e-01   9.5342361e-01  -7.3350734e-02   1.9074561e-03   2.1119059e-02  -5.8106658e-01  -2.7170164e-02  -7.4482627e-04  -1.6629786e-01   5.1154312e-01   2.1097832e-02  -8.1247260e-03   4.9307198e-02   2.1779284e-01  -1.1331693e-01  -8.6788557e-04   5.8502458e-02  -1.5156887e-01   2.3522170e-02  -5.4341151e-02   6.8124564e-03
   4.8263230e-03  -2.1267070e-03  -1.0964764e-03  -1.4116446e-01  -2.8679677e-01   5.4724129e-01   2.8490861e-02   2.2331566e-01   2.0766408e-01  -8.0459273e-01   5.3620339e-03  -1.6068193e-01   1.9186940e-02   4.7947800e-01   1.7934774e-03   8.4295347e-02  -6.1457567e-02  -1.5005950e-01  -3.3137522e-03  -3.1981550e-02   2.9086808e-02   1.0407447e-02   4.2747250e-03   1.2406981e-03   3.5151762e-03  -2.1820969e-03   3.2358573e-03   2.1191296e-02
  -5.7322206e-03  -3.5696685e-03   2.6455379e-02  -4.3470140e-01   1.4008027e-01  -2.8114031e-02  -7.4055111e-03   1.5109447e+00  -4.5946673e-01   4.5709240e-02  -5.9313828e-03  -1.7422620e+00   2.2357162e-01  -4.5773076e-03  -8.7498654e-04   1.2647555e+00   1.3642016e-01   3.2924766e-02  -1.3158826e-02  -3.8323915e-01  -2.6824759e-01  -2.9007043e-02   4.3796189e-03  -4.8709539e-02   1.0841771e-01  -1.8439209e-02   2.5446660e-03  -1.9333936e-02
  -1.0031977e-02  -3.9266874e-04  -2.8265515e-02   2.2782878e-02  -3.4779453e-02   1.4627180e-02  -9.5230529e-03   4.1312813e-02   2.6732974e-02  -4.0655058e-02   1.9889292e-01  -1.5466796e-01   1.6204888e-02   2.4045548e-02  -9.3973958e-03   2.6771744e-02   3.5283231e-02  -3.6550371e-02  -2.1000537e-02  -4.6712511e-02  -1.6471528e-02   4.6691256e-02  -1.0345781e-03  -2.9769469e-02   4.6859005e-02  -1.3658391e-02  -1.1635777e-02  -2.1725152e-02
  -8.0227095e-04   3.0166970e-04   7.2102886e-03  -7.5109736e-04   3.1183181e-03   5.4678905e-03  -6.0303757e-04   2.9835077e-03  -7.1885052e-03  -2.0162220e-02  -3.2446194e-03  -1.9443538e-02   4.3321445e-03   6.0369411e-02  -4.0280774e-03   2.9856324e-02   6.3668162e-03  -1.3607159e-01  -5.4705373e-03   2.8538947e-02  -4.3762615e-02   1.3713237e-01  -3.2107118e-02   5.2873387e-02  -4.0729083e-01   3.9689611e-01   2.2695137e-03  -1.4404512e-04
  -1.2384190e-01  -2.1030079e-03  -1.6720969e-03   5.4830880e-01  -1.0535521e-01  -9.2658163e-03   5.6611282e-03  -4.1425145e-01  -4.3644729e-02   1.2785986e-02   4.1435244e-03   1.3275044e-01   1.1309271e-01  -3.3834784e-02  -2.7025118e-03  -4.1889208e-02  -1.1879911e-01   7.1876385e-02  -2.3500587e-04   4.3287247e-03   5.5978368e-02  -3.9983059e-02   3.6370134e-03  -3.2623900e-03  -4.8951364e-03   1.0202890e-03  -8.2464201e-03  -1.5155535e-02
  -1.3355161e-02  -1.4393533e-02  -2.0136547e-02  -1.1644210e-01  -1.1126140e-01   1.2521636e-01   1.8137961e-01   2.0625163e-01   1.3679644e-01  -3.9074426e-01  -3.1251718e-03  -1.8305883e-01   2.5929259e-03   2.4347844e-01  -1.4676238e-02   1.0245105e-01  -1.0707681e-02  -1.0195601e-01   1.4843771e-03  -4.0668078e-02  -7.7236081e-03   4.3222129e-02  -6.8923004e-03  -9.5179492e-03   1.3445113e-02  -6.2183861e-04  -1.1246103e-02   5.9490561e-02
   1.9135318e-03  -2.8469197e-03   3.1345915e-02   6.1678464e-02  -3.8891275e-02   6.3370146e-03   3.9431606e-03  -9.6172773e-02   7.5307548e-02   1.0108226e-02  -7.1992320e-03   9.9768213e-02  -6.7598654e-02  -7.1702310e-02   7.4165168e-03  -1.6028579e-02   5.4131386e-03   2.3269462e-01  -2.4724514e-02   7.0006185e-03  -1.7557913e-01  -2.1556056e-01   4.1808043e-03  -1.8184677e-01   8.9985763e-01  -2.6239946e-01   1.6241403e-02  -1.2189384e-02
  -3.4716930e-02  -1.4514127e-02   2.1984177e-01  -5.2283339e-02  -2.1646447e-01   3.6861656e-02  -6.5472164e-03   1.2482312e-01   2.5715052e-01  -1.4296812e-01  -1.0637223e-02  -1.8367894e-01  -6.2594556e-02   4.1474100e-02  -2.1743611e-02   9.0923531e-02  -3.0732123e-03   3.8251023e-02   2.9170567e-05  -3.2559863e-02  -6.0639992e-03  -2.1201107e-02  -1.0461811e-02  -9.7846701e-03  -8.1850672e-03   1.4969238e-02   9.9906606e-03  -1.0646194e-01
   2.2395704e-03  -3.1039718e-04   3.7945622e-03   8.4825870e-03  -1.0230020e-02  -1.2154067e-03   2.3498237e-03  -6.5384716e-02   3.2445341e-02  -7.0470775e-03   1.3888875e-02   1.5118709e-01  -5.8210734e-02   3.9133960e-02   9.3298302e-03  -2.4773212e-01   3.8012588e-02  -2.2284637e-02  -2.4940320e-01   3.5063501e-01  -8.5978953e-02   1.6807502e-02  -1.5169642e-02  -3.2022057e-02   8.0707572e-02  -2.8975617e-02   1.7143285e-03   9.1223783e-03
  -7.3710935e-03  -3.9398133e-03   3.4595480e-03  -4.6958472e-02  -3.2888249e-02   2.4446735e-03  -2.9511078e-04   1.2437849e-01   4.5862463e-03  -5.3032385e-02  -4.4926290e-03  -1.4606874e-01   2.4463231e-02   1.1886323e-01   1.8884296e-01   6.3299804e-02   5.2951142e-02  -2.9154458e-01  -6.2398919e-03  -1.2352252e-02   3.1680825e-02   3.2990456e-02   8.9029269e-03  -3.4975183e-04   5.9385492e-03  -6.3179697e-03  -9.7218257e-03   2.0073745e-02
  -8.0972727e-02   5.6757524e-03   3.1888262e-02  -5.2593674e-01   7.4445548e-01  -6.2166871e-02  -1.7350180e-03   5.8649035e-02  -3.8960391e-01   5.8390238e-02  -5.9858074e-04   2.7905865e-01  -2.4903226e-02  -5.5944840e-02   4.1914209e-03  -1.2206390e-01   2.5689633e-02   1.9543558e-02   6.4043540e-04   9.3431653e-03   3.7536671e-02   5.5126907e-04   4.3906927e-03   6.8048576e-03  -1.2504828e-02  -5.7718147e-03  -2.8195749e-02   4.0794502e-02
   6.2230649e-04   9.6741309e-05   1.1503160e-02  -6.6613578e-02   7.1872509e-02  -3.5788472e-03   5.1117867e-03   3.1758996e-01  -2.2142056e-01   6.4392228e-02   1.7522110e-05  -3.6361858e-01   1.0538008e-01  -7.8589671e-02   2.2594811e-04   2.5002418e-01  -4.0930157e-01   1.0699573e-01   1.2864602e-02  -2.1762919e-01   5.5392382e-01  -1.0040421e-01  -7.6456190e-03  -3.5866207e-02   1.7462258e-02  -1.6584900e-02   2.8219145e-03  -3.4614542e-03
   1.2174627e-04  -2.9798732e-03   1.2491414e-02   1.4290839e-02  -4.7383266e-02   1.0280266e-02   3.8689654e-03   6.2518705e-03  -1.5121022e-02  -1.2251359e-02  -3.5982309e-03   5.2033072e-02   3.5686001e-02   3.3422642e-02  -1.0355432e-03  -2.6572505e-01  -1.4811463e-01   2.3176354e-02  -4.7099993e-02   5.2158716e-01  -6.6694907e-02  -9.8348284e-03   7.2865709e-03   1.9307204e-01  -3.5287727e-01   9.9944462e-02   1.4729313e-04  -1.0646275e-02
  -1.2330040e-03  -2.3364024e-03   1.4097799e-02  -1.2375156e-02  -2.8135232e-02   5.5398951e-03  -8.0411623e-04   7.6760913e-02  -2.4242383e-02  -2.0725362e-02  -8.9292997e-04  -1.0760053e-01   6.0851437e-02   9.0813272e-02  -1.4991864e-02   2.1918254e-01  -1.5383923e-02  -3.4734916e-01   5.4387564e-03  -1.6833956e-01  -1.6556798e-01   4.7052637e-01   8.2487275e-02  -5.5486956e-02   1.6017783e-01  -1.6624975e-01   1.5750631e-03  -6.8303844e-03
  -1.9890091e-03   1.8896811e-03   7.2604352e-04   4.2286231e-02   1.6891593e-01   1.8772679e-02  -2.9642436e-03  -1.8757538e-01  -4.8597150e-01  -8.2192302e-02  -8.9810586e-04   1.9801804e-01   1.1162166e-01   3.4831713e-01  -5.3793128e-04   1.6013553e-01   3.0516513e-01  -5.4567455e-01  -5.6163448e-03  -1.1593858e-01  -1.5598473e-01   2.2892199e-01  -2.1616567e-02  -1.7774592e-02   4.0078969e-02  -4.1754988e-03   2.6182689e-03  -1.3768217e-02
   2.9172698e-04  -5.8613336e-04  -1.4568396e-03   8.5944999e-03  -2.2984790e-02   8.9311067e-04   1.3761923e-03  -2.2046509e-02   3.4506653e-02   7.3678242e-03   7.7385257e-05   2.4970252e-02  -3.1195524e-02  -3.5148814e-02   2.2878197e-02  -1.6105857e-02   3.2550294e-02  -2.6502707e-02   7.5811087e-03   1.8936767e-02  -1.4391482e-01   2.9249814e-01  -1.8399420e-01   2.6388096e-02  -1.1062492e-01   8.3573353e-02  -1.1627117e-03   6.9072400e-04
  -2.8968194e-03  -4.3290487e-03   5.8353526e-03  -4.7856619e-04  -1.3822904e-01  -5.9070178e-03  -7.9365770e-03   6.8617502e-02   7.1878207e-02  -1.1347788e-01  -1.7630631e-03  -4.6690253e-02  -1.1036089e-01   6.5606844e-01   1.3623075e-02  -6.8932277e-04  -1.0172494e-01  -3.6965930e-01   3.0855495e-04  -1.5260610e-04   7.6984832e-02   2.5178738e-02   4.6558978e-03  -5.8852316e-03   1.4264938e-02  -6.0494516e-03  -8.5289580e-03   1.3989656e-02
  -4.9838631e-03   1.0189893e-03   6.3909567e-03  -6.1700333e-02   1.3437433e-01  -1.9202971e-03  -2.1092552e-04   6.7445152e-02  -4.9379905e-01   4.1688155e-02   5.6656656e-04  -8.9967667e-04   8.9607190e-01  -1.8446187e-01  -1.4934670e-03  -2.4738572e-03  -7.9676869e-01   2.6604980e-01  -6.4579885e-03   2.3725676e-02   2.6305243e-01  -1.1559569e-01  -1.3430439e-03   1.1509363e-02  -4.2092749e-02   1.4680350e-02   1.0539268e-03  -1.3433592e-03
  -6.0305125e-03  -5.6283960e-03   7.9116688e-03   2.6488014e-03  -1.8991673e-01  -7.7586987e-02   4.9617527e-02   7.9441235e-02   4.1300146e-02   4.7971648e-01  -2.6050531e-03  -1.4840009e-01   3.7823358e-03  -3.7608885e-01  -5.5676296e-03   1.1865580e-01   7.4403348e-02  -2.8477670e-02  -1.6751480e-03  -3.2960021e-02  -4.1163787e-02   6.5025719e-02  -5.7057666e-03  -2.8034958e-04  -5.8170884e-03   4.7037173e-03  -7.4735416e-03   1.9747501e-02
  -3.4655335e-05   2.1546431e-04   1.7187175e-04  -6.5305815e-03   2.6613592e-03   1.0261679e-03   7.1032453e-04  -9.6687915e-03   1.9363815e-03  -1.6803689e-03   1.2963728e-04   5.5552800e-02  -1.7474084e-02   1.4529305e-02  -2.0732548e-03  -1.6833747e-01   5.9213530e-02  -5.0628291e-02  -8.7619879e-03   2.1825339e-01  -8.5523625e-02   3.4681327e-02   1.1382367e-02  -2.2785984e-01   2.3497581e-01  -7.5542142e-02  -4.7197271e-04   2.0803989e-03
   7.9884655e-04  -1.1926159e-03  -1.4636830e-04   4.3979114e-02  -7.1649566e-02  -3.6120850e-03   5.5932058e-03  -7.0107835e-02   2.5894047e-02   1.6461301e-01  -1.7748732e-03   3.8497681e-02  -7.0787114e-02  -5.6762172e-01  -4.7355726e-03   1.4847964e-02   9.9392815e-02   8.7966546e-01  -4.8559405e-03  -9.1993831e-04  -1.4840484e-01  -3.6712271e-01   3.6301025e-02  -1.5957351e-02   6.4932132e-02  -2.4056069e-02  -2.2008788e-03   6.9459466e-03
  -1.8153717e-04  -1.3029814e-03  -8.5106931e-04  -3.7868025e-02  -3.6558105e-02   3.4036434e-03   1.2910358e-03  -9.4987657e-02   5.6347968e-03   2.2912257e-02   1.5547611e-02   5.7460477e-01  -1.3184186e-01  -7.0958059e-02  -2.0434037e-03  -3.9318398e-01  -2.2087333e-03   1.0809969e-01   1.3684399e-03   6.4575591e-02   2.0915264e-02  -4.1422801e-02   1.4079318e-03  -1.4630741e-03  -8.8612012e-04   4.8468152e-03  -5.0076253e-03  -1.2063992e-02
   2.6727434e-03  -5.3099282e-04  -7.8658287e-03   4.6178137e-02  -5.2124141e-02   2.3432847e-03  -4.0768349e-04  -1.2114954e-01   1.4724399e-01  -7.3128094e-03  -4.9027995e-03  -2.5832436e-02  -2.5937394e-02  -2.5626099e-02  -5.1857633e-04   3.6457323e-01  -2.6257158e-01   5.2671613e-02  -2.7213464e-03  -1.8402996e-01   1.1997283e-01  -1.1625992e-02   8.9717960e-04  -2.1396560e-02   3.0618000e-02  -1.0501966e-02  -1.3667692e-03  -4.1105377e-04
