   1.8988802e-01   4.8519769e-02  -6.3879859e-02   7.0330488e-02  -6.1379666e-01  -9.1810672e-02   4.8328734e-01  -1.8802780e-01   4.0630814e-01   2.0270112e-01  -1.2896523e-02   1.3311836e-01  -2.2907534e-01   6.0462665e-04  -1.3450415e-01   4.5597565e-02   1.4568169e-01  -2.3917722e-01   1.5895770e-01  -2.2577990e-01  -1.5847681e-01   2.3532471e-01  -1.6236171e-02   1.2461686e-02   2.9697907e-01  -3.3477551e-02  -1.5178348e-01  -2.0333869e-01
   2.6595849e-02  -4.7688266e-02  -8.6850048e-02   2.1419430e-02  -1.6485035e-01  -2.8381019e-02   4.3931803e-01  -1.1444002e-01   1.3511712e-01   1.7594308e-02   3.1949586e-03   8.6738739e-02   4.5443171e-02  -8.1448367e-02  -1.1843878e-01  -1.2195813e-01  -8.8578271e-02  -5.0561070e-03   9.7126757e-02   2.0306816e-01   2.4302783e-02  -1.0586593e-01  -1.8905961e-02  -1.4918385e-02  -1.2748332e-01   1.3740802e-01  -1.3065108e-03  -3.0547893e-01
   1.5982998e-02  -1.4603361e-02  -6.9250394e-03   2.3340345e-02   2.2660716e-01  -8.7251356e-03  -2.3664180e-02  -1.7005287e-02  -1.0159209e+00  -1.4800687e-02  -1.5705734e-03  -8.3778110e-02   1.6623599e+00  -2.4541903e-02  -1.1181062e-02   7.6273262e-02  -2.1096339e-01  -2.3815007e-01   2.2727267e-02  -9.0301840e-02  -3.3116914e-01   1.9490134e-01   2.2851530e-03   1.1440255e-01  -1.8768994e-01   1.2207217e-01   1.5253193e-02  -2.4925092e-02
   1.1254186e-01   4.3699165e-02   2.2211884e-02  -1.8176630e-02  -1.9396530e-02   1.8501446e-04   8.5442346e-02  -8.9733389e-03  -1.0572596e-02  -3.6893977e-03   2.5544954e-03   2.4251700e-02   3.0165322e-02   5.6129229e-03  -1.3543462e-02  -2.2082536e-02  -8.9049213e-02  -1.5441902e-02  -2.6308838e-02   1.1586207e-02   7.9423212e-02   2.2571145e-02  -1.0718762e-02   9.2815564e-02  -1.0173742e-01   7.6941538e-02   1.8266907e-01   5.3233649e-02
  -8.1010884e-02  -8.7799114e-02  -3.8928467e-02  -8.6352084e-03   1.2684470e+00  -4.0114768e-03  -4.2864220e-02  -9.2478926e-02  -6.2862370e-01  -1.3000424e-01  -1.1884290e-03  -2.7674304e-02  -1.3310237e-01   1.7471635e-02  -2.8884673e-03   1.7120816e-02   8.8885973e-02   8.6449376e-02  -3.4705427e-02   1.6006965e-01  -1.6959992e-01  -9.3995532e-02   6.1990353e-03   9.9549871e-03   1.7448563e-02   5.1056399e-02  -1.0495918e-02  -1.9924447e-02
   1.4368223e-02   5.7116864e-03  -6.2178525e-04   1.6693248e-03  -3.6059919e-02  -1.1524234e-02  -7.6508767e-03   1.7541772e-02   1.1031925e-01  -5.5892305e-02  -1.1430029e-03  -8.2564152e-03  -7.9836762e-02   1.3907679e-01  -1.2190775e-03  -1.0361061e-01  -5.5114806e-02  -2.6292529e-01  -6.6740552e-02   2.4877673e-01  -1.4928918e-01   3.7098723e-01  -3.7300297e-02  -4.9061251e-01   1.4321516e+00  -7.0295988e-01   1.4704913e-02  -5.3004538e-03
   1.5598039e-03  -5.3224603e-03  -3.2820554e-03   1.9046934e-03  -4.4792274e-02  -1.6963374e-02   3.7642505e-03  -4.6517822e-03   1.8176734e-02   3.5876736e-02  -7.1126490e-04   1.6334301e-02   2.9405845e-01  -2.2508019e-02   4.4826752e-03   2.2704632e-02  -9.8445590e-01  -1.0351729e-01   1.5958987e-02  -1.7976172e-01   1.3005891e+00  -1.9496793e-03  -2.8841124e-02   3.8263422e-01  -1.3258077e+00   5.5597895e-01  -3.4526076e-03   5.8082269e-03
   1.5765578e-01  -1.5470988e-01  -1.5953142e-02   1.5061992e-03  -3.4194080e-02   3.0856335e-02   1.3690835e-02  -3.1129851e-02   2.7762954e-02   3.4337520e-03   5.2998048e-05   1.0597506e-02  -1.5726335e-02   1.4400734e-03   3.3689262e-03   5.5777511e-03   2.3951817e-02  -1.3847790e-02  -3.6532252e-04  -8.5422540e-03  -2.8733711e-02   3.5495784e-02  -1.4481133e-02   2.5261369e-02  -4.9907387e-02   2.3063172e-02  -1.0477321e-02  -3.1537732e-02
   4.9984142e-03   7.6604340e-03  -2.1989896e-02  -1.5342854e-02   2.9707068e-04   1.2886338e-02  -5.2450295e-02  -1.6394765e-02  -1.1610518e-02   1.4116629e-02   2.0730137e-01   1.5165459e-02   1.4403896e-02  -1.9234008e-02  -1.6930065e-02  -6.9239719e-02   3.7025410e-04   1.5650475e-02  -1.0367486e-01  -1.7807034e-02   3.1942200e-02  -9.5280363e-03   1.5927852e-02   5.8368729e-02  -1.5489756e-02  -9.8618272e-03  -3.1685045e-03  -4.1547062e-02
  -2.2773138e-02  -1.1474134e-02   1.9453517e-01  -8.4264290e-02  -1.7602644e-03   3.3950045e-03  -3.5994313e-02  -2.5730203e-02   3.3833640e-02   1.0853554e-03  -4.3975157e-03   3.8536162e-02  -1.3840190e-02  -5.6997998e-03  -1.6710973e-02   8.2352367e-03  -1.2831039e-02   2.0752628e-02   1.1896566e-02  -2.4250126e-02   2.1531448e-02  -4.5637795e-02   1.0430776e-03   1.3432039e-02  -9.1800328e-03   3.1647499e-02  -1.1556362e-02  -1.2854636e-01
   2.4593269e-02   2.6563185e-02  -1.0358669e-03  -1.4234751e-02  -5.6719905e-01  -2.6698292e-02   1.1847443e-02  -3.8135385e-02   1.0857282e+00  -3.8736778e-03   1.5904118e-05   2.3197554e-02  -5.9884626e-01  -1.8311733e-02  -2.5677904e-04  -1.3058535e-02   1.2497876e-01   6.6188552e-02   1.0085711e-02  -3.7600173e-02  -7.9524171e-03  -7.6260153e-02   5.6066431e-03  -1.0396228e-02   6.1925009e-02  -2.3919312e-02  -1.6473351e-03   5.3015229e-03
  -9.1870290e-03   3.6113791e-03   9.3093766e-04  -7.1319102e-03  -1.1253215e-01   1.0583714e-02  -3.3901682e-02   3.9873903e-01  -1.1266399e-01  -2.1665012e-02  -1.1795772e-03   2.0443673e-02  -4.4057517e-03  -2.5863052e-02  -3.3004866e-03  -9.5118123e-02  -5.5551638e-03   7.9397861e-02   1.7800630e-02  -9.7713977e-02   9.4692599e-02  -7.2446531e-02   1.8846112e-04   6.3821692e-03   4.1462069e-02  -1.2193329e-02  -3.5171155e-03  -8.9212922e-02
  -4.8884991e-02  -3.6486550e-02  -7.0173249e-03  -2.7293338e-02  -1.9656217e-01  -1.4417083e-02   2.7221233e-01   7.3559630e-02   1.3079112e-01   6.5671845e-02   1.8862701e-03  -2.4888559e-02  -8.2393975e-02  -5.7460620e-02  -1.9881186e-03   4.5467255e-02   1.1323597e-02   5.9655773e-02  -8.5320426e-03  -1.0641589e-01   8.1390628e-02  -1.1389605e-01   2.2902261e-02   1.8959174e-02   3.7215866e-02   8.9000913e-03  -5.0798463e-02   1.8530510e-01
  -8.7039382e-04  -1.3710753e-03   5.0198433e-03   6.5185817e-03  -2.3981337e-02  -3.5368651e-03  -1.6747945e-02  -1.5295187e-03   3.7552210e-02  -2.6950719e-02   7.8605139e-04   8.4489893e-04  -5.2721268e-03   6.8503701e-02   6.7744157e-03   1.7561737e-02  -8.1636698e-02  -1.7772571e-01   2.7212070e-02  -8.9508744e-02   9.8957027e-02   3.2937035e-01  -4.0967296e-02  -1.1609986e-01   4.2942245e-01  -6.4402686e-01  -7.9969947e-03  -2.0138635e-02
   3.6260079e-03   3.4959539e-04   1.6339772e-03  -1.2717635e-04  -5.7966699e-02   1.2953003e-04   9.8182257e-04  -1.5852766e-03   3.3541352e-01   1.9042091e-02  -1.0095410e-03   2.5582187e-02  -8.4028667e-01   1.4236350e-03   4.6805710e-04  -8.0231998e-02   1.0758489e+00  -7.1696628e-02   1.9433035e-02  -4.0522306e-02  -4.3131848e-01   4.9338286e-02  -2.4830154e-03   4.4084381e-02  -8.5482455e-02   6.1504065e-02   5.1757604e-03   1.2103448e-03
   1.7793660e-03   4.9766214e-03  -9.0986705e-04  -2.8612577e-03   7.9564642e-03  -1.1995602e-02  -7.3756076e-03   3.7458025e-03   8.0746625e-03  -3.0451705e-03  -2.1382705e-03   2.3274406e-03  -1.1917398e-02  -3.2455248e-01  -1.7912978e-02  -3.9942039e-02  -1.6740574e-01   1.0490225e+00  -9.7913967e-04   3.4693997e-02   8.8673128e-02  -6.4650466e-01   4.5443492e-03   9.3385698e-03   5.1051520e-03   6.0774844e-02   2.1072544e-03   3.4992670e-03
  -9.5999357e-04  -6.3303475e-04   2.7400687e-04   2.3298692e-04   1.5238328e-02  -1.4296563e-03   5.9188091e-03  -4.6757655e-03  -2.4502640e-02   1.2642091e-02  -1.1092346e-03  -6.1030235e-03   7.2593331e-03  -1.8201424e-02   6.4966115e-03   1.2887134e-01  -7.0628297e-03  -5.8579558e-03  -1.5295715e-02  -2.4501144e-01   2.4074165e-02   8.5702893e-02  -8.1114138e-03   4.8450901e-01  -3.2716272e-01  -3.2337634e-02   2.4219510e-03   3.8290907e-03
   3.9075255e-03   4.3589483e-03  -4.9964076e-04   1.2085261e-03  -7.5314813e-02  -8.5661130e-03   1.6782622e-03   4.6821141e-02   4.4403615e-02   2.1676065e-02  -2.8472339e-03  -2.4552470e-03  -7.0134173e-02  -3.4129290e-02   6.7462669e-04  -5.3164762e-01   1.9678185e-01   9.5910706e-02  -1.4959319e-01   1.1239866e+00  -5.5251870e-01  -2.3333100e-02   6.5714641e-03  -8.2391408e-02  -7.4600786e-02   4.4170440e-02  -1.1409447e-03  -1.6075497e-03
   7.1835381e-03   3.9214804e-03  -8.8003585e-03  -9.7960702e-03   1.3955780e-02   2.2715230e-03  -1.5328689e-02  -1.4321183e-01   6.3260369e-02   4.0278093e-02  -3.4861462e-03  -3.4178346e-03  -1.3847137e-01  -9.7390328e-02  -2.3989132e-03   7.4662498e-01  -5.9671038e-02   1.1108375e-01   2.6837936e-03  -5.9413987e-01   8.8480104e-02  -6.3386597e-02   5.6163573e-03   5.2276660e-02   1.3785055e-02   4.3661627e-03   2.2851920e-03  -9.0498487e-03
   2.3482338e-03   5.8946706e-03  -8.7904759e-03  -3.2846163e-03  -2.6216803e-03   6.7937814e-03  -5.7420889e-02  -1.8828087e-03  -1.7863503e-02  -1.8550708e-02  -6.0336660e-03   2.3243371e-03   5.3103189e-02  -5.7194695e-02   2.4589828e-01  -4.7398892e-04  -3.3357550e-02   1.1903963e-02   1.6769087e-02  -2.6063794e-02   7.2600746e-02  -1.1121971e-01  -3.3397281e-02   1.5353418e-02  -1.1114454e-02   3.9259163e-02  -3.7367125e-03   1.1994532e-02
   4.7045708e-03   1.7288483e-03  -7.2013664e-03  -5.1709055e-03  -1.2956906e-02  -2.6162523e-03  -1.4991905e-03   5.7647882e-03   1.9817856e-02   3.6665109e-04  -2.6641833e-02  -4.7516822e-03  -6.8916539e-03  -1.1488566e-03   7.8535762e-04   5.0760615e-03   3.2311219e-02  -1.1024816e-02   3.3961823e-01  -1.7917655e-01   3.6872259e-03   1.9893026e-02  -6.2146502e-03  -2.0488035e-01   1.7781520e-01  -2.5502102e-02   2.2063856e-03  -6.1940693e-03
  -5.7367297e-03  -8.4270592e-04  -1.5211148e-03  -4.1541987e-03   8.9212466e-02   2.0306409e-02   6.5278774e-02  -3.2593486e-02   7.3837485e-02  -4.9906798e-01   3.8678453e-04   4.6538077e-02  -3.1926749e-02   4.1276663e-01   3.5992386e-03  -2.3442216e-02   3.4400085e-03  -2.0922643e-01  -1.8302864e-03  -4.1029387e-03  -1.7242110e-02   1.3988910e-01  -3.3226410e-03   5.0009772e-03  -1.9960183e-02  -1.8173347e-02  -1.1653033e-03   1.7665419e-03
  -1.3421146e-03  -1.8678008e-03   4.3651584e-03  -1.2363298e-03  -1.0127164e-02   1.0868396e-02   2.3150011e-02   1.3057263e-02   1.5915759e-02   2.1840428e-01   7.1248522e-04  -3.5597853e-02   1.3356265e-01  -7.9980771e-01   5.4524116e-03   1.5078603e-02  -5.9768955e-02   6.3342395e-01   1.6575870e-03  -5.7901766e-03   1.6819858e-02  -1.9882385e-01   1.6862588e-03   3.0501549e-03  -1.2391921e-02   1.2569739e-02   1.5242957e-03  -7.9123842e-03
  -1.2052141e-03   8.6819786e-04  -1.3027077e-03   5.2529369e-05  -1.9213405e-02   2.3285876e-03  -1.0131032e-03   3.9281642e-03   2.5284985e-02   3.8585233e-02   7.7865108e-04  -1.9284859e-02  -5.2070414e-02  -4.2975387e-02  -3.2725902e-03   5.8031445e-02   1.8466181e-01  -2.4426474e-01   1.1718304e-03  -5.6981234e-03  -4.7048134e-01   6.8278980e-01  -8.1928250e-02  -4.7386237e-03   4.8010412e-02  -1.0862699e-01  -1.2125163e-03   2.3620070e-03
   9.8612166e-04   5.1227886e-04   5.5432093e-06  -1.8779462e-03  -2.9655285e-03  -1.1132984e-03   3.1255954e-03   2.5201127e-03   1.2281570e-02  -2.8021534e-03  -4.0854996e-04  -3.2959778e-03  -4.2857976e-03  -1.8228128e-03  -3.1504639e-02   7.7471817e-03   8.2789834e-03   2.8487497e-03   4.7824378e-04  -9.9140657e-03   3.0124652e-02  -1.0550004e-01   2.4815260e-01  -2.7023657e-02   1.9735315e-01  -2.6439714e-01   2.0485068e-03   3.3561117e-03
  -1.4033304e-02  -6.8284446e-04  -1.5249019e-02   2.3509167e-01  -1.4236818e-01  -1.0008609e-02   9.2685397e-04  -1.5127675e-01   1.0319756e-01   9.8232851e-03   3.3914510e-04   7.2271711e-03  -4.7287037e-02   1.2134145e-02  -1.1811596e-03   3.6844432e-02   1.3647616e-03  -7.6577791e-03   8.2489939e-03  -2.8181906e-02   1.7066342e-02  -3.4927921e-03  -7.2945621e-04   6.2889123e-03  -1.3503548e-02   8.5252426e-03  -8.6127989e-05  -1.6814139e-02
  -2.7036044e-04  -1.0300170e-02   2.6193119e-03   8.2423148e-04  -1.4377348e-01   2.7253966e-01  -4.8815893e-02   7.0730924e-03   9.9940352e-02  -2.3182659e-01   5.5852900e-04   4.5338757e-03  -5.0039235e-02   1.1534303e-01   3.5384791e-03  -1.4615238e-02   1.4112655e-02  -4.0505280e-02  -2.9105346e-03   1.9654799e-02  -6.2519055e-03   9.9476145e-03   1.8354872e-03   1.1637685e-03  -6.4852827e-03   1.7122817e-03   1.4987229e-03  -2.1960852e-04
   1.8366390e-03   8.7916695e-04   1.5784847e-03  -1.2704156e-03   7.2597470e-03   7.7461105e-04  -3.9818320e-03  -9.5215494e-02   1.7662712e-02  -3.5889635e-03  -7.1540522e-04   2.1538105e-01  -3.2462271e-02   1.4933681e-03  -5.7299345e-04  -2.0236611e-01   2.5007507e-02  -7.7920101e-03  -6.5406062e-03   9.0803540e-02  -1.1828169e-02   8.4108991e-03  -4.1571962e-04  -4.9085449e-06  -1.2838800e-02   4.4571252e-03   5.1867664e-04  -3.5851101e-03
