   4.4789673e-02  -2.7086513e-01   7.1503427e-02  -1.2698355e-03   1.5398768e-01   2.6491808e-02   4.1388652e-03   1.1708921e-01  -5.6678584e-02   3.4289320e-02  -5.9052641e-02  -7.0025984e-02   1.8415651e-01  -1.0069410e-01   1.5854434e-02  -7.1799038e-02  -1.5252181e-01   1.4660034e-02   3.2870949e-03   3.9529327e-02  -1.9447763e-02   9.7711375e-02  -1.7965173e-02  -2.7427827e-01   2.1421880e-01  -7.5717833e-02   2.0769037e-01   9.1147763e-03
   9.2306000e-02   3.0011197e-02   6.2842911e-02   1.6529377e-03   2.1008736e-01  -7.1997900e-03   3.4622044e-03   2.2541705e-01   1.5252577e-03   3.5506662e-02  -4.0587056e-02  -1.6135610e-01  -2.7586885e-02  -2.6240586e-01  -1.4680726e-01   9.8945572e-03  -2.2618273e-01   2.2925354e-02   1.6574189e-02  -7.9410646e-02   1.1606194e-01   2.2967077e-01  -2.8506011e-01  -3.0749367e-01   1.0377400e-02   1.7241496e-01   1.3590343e-01  -1.5608525e-02
  -1.4414180e-01  -1.4995865e-01  -2.8758772e-02  -4.6492166e-02   1.0469180e+00  -1.1926485e-01  -4.0378718e-04  -1.3783717e-01  -6.2723987e-04  -1.8347594e-01  -6.3025672e-03  -1.0203387e-01  -5.6971894e-01   2.0957821e-01  -1.4871587e-02  -4.3179735e-03   8.2379173e-02   1.0750287e-01  -4.2263840e-02   2.2317152e-01   3.1438443e-01  -2.2077395e-01  -4.4466002e-03  -2.1711425e-01  -7.8952403e-02   5.5721214e-02  -8.7315681e-02   3.4581464e-03
   1.8362855e-01   8.2718986e-02   4.4119831e-02   8.8123438e-03  -1.8075842e-01   1.5342453e-02  -2.6111570e-03  -4.8506353e-02   5.5221579e-02   6.7434555e-03   2.3760956e-02   1.9407942e-01  -7.2877074e-02   9.0517226e-02   1.7723970e-02  -1.3434777e-01  -2.2310424e-01   6.2694983e-02  -2.6673076e-02   4.4364109e-02   6.2313308e-01  -3.6532788e-01   2.9916063e-01   5.1048025e-01  -6.0475974e-01   9.5378869e-02   2.2589154e-01  -8.4675029e-02
  -5.8870616e-03   7.3703841e-02   1.2649775e-02   1.6786969e-03  -2.0447565e-02   3.6031390e-02  -1.8890153e-01  -2.2421125e-03  -1.4644049e-03   1.2260807e-02   1.0729135e-02   1.3800215e-02  -2.2434440e-02   4.0008114e-02   8.6258982e-02  -5.4041503e-03   7.7167306e-03  -1.8572465e-02  -2.9189990e-03   6.5559042e-03  -8.4297972e-03  -6.4076720e-03  -4.4441487e-02  -1.7288965e-02   1.5851922e-02   1.2647087e-02   1.3718730e-02  -3.8077304e-02
   3.5078418e-02  -1.7579215e-02   1.6451020e-03   9.3448502e-03  -1.3025102e-01  -1.2518562e-02   7.4658824e-04  -3.3010919e-02  -8.1277902e-02   7.1568969e-02  -8.8042832e-03  -1.1837528e-01   1.0788017e+00  -2.6204382e-01  -3.9151070e-02   9.0741988e-03  -5.7025731e-01  -1.5741057e-01   2.7637159e-02  -1.6196903e-02  -2.9084293e-02   2.6475412e-01   8.7156059e-02   4.8539463e-02  -2.1054005e-01   5.5671226e-02   2.4768706e-03  -1.2324205e-02
   1.3287204e-03  -1.9686165e-02   4.6612976e-03   2.1160667e-03   5.3473266e-03   1.2849445e-02  -7.7694520e-04  -3.3677743e-03  -9.4013717e-03   1.3925993e-02   2.3611954e-03   3.5233969e-02  -3.1598021e-02  -4.3859042e-02  -8.1252155e-03  -1.2759764e-02   2.5425521e-02   6.9842107e-02  -8.1454804e-03  -1.0186403e-01   2.3788730e-01  -5.3217590e-01   7.5539934e-01  -8.1063845e-02   2.3629443e-01  -3.6461812e-01  -4.3999156e-03  -9.7067934e-03
  -1.8765071e-02   1.7667234e-02  -1.0566697e-02  -1.3703964e-02   1.9293989e-01   2.3411272e-02   1.5790214e-03  -8.0619732e-02   1.8640048e-02   1.3074003e-01   8.9996748e-03   9.7578907e-02   7.9564399e-02  -7.2014891e-01  -9.5757942e-03   5.5802992e-02   1.4745998e-01  -2.3741513e-01   8.9191162e-03  -1.8277461e-01   8.2516000e-02   2.9028648e-01   2.7304795e-01   9.9570305e-02   1.2077562e-02  -1.7013180e-01   1.7569150e-02  -2.1348807e-03
  -2.3836498e-01   2.6538494e-01   1.6152438e-02  -5.7301479e-02   2.8732555e-02   4.9662187e-03  -1.1403783e-03   8.4040502e-02   1.0853170e-02  -3.9552070e-02   4.6448871e-03  -2.0746564e-02   2.0066816e-02  -5.9694299e-02  -2.4944373e-02   9.3975065e-04  -1.6265215e-02   4.5437554e-03   4.7893957e-03   7.6573203e-03   4.2133474e-03   8.2489858e-03  -4.6679533e-02   2.4294950e-02  -1.0414857e-01   7.3426001e-02   1.4563281e-02  -5.4897741e-04
  -1.5162004e-03   1.1360691e-02  -2.3379519e-02  -1.6398866e-02  -4.6447625e-02   1.7748969e-02  -1.2962833e-03  -2.8856828e-01  -6.0329542e-02   1.6138355e-02   3.8935116e-02   7.9398484e-01  -4.4349204e-02  -9.1658388e-03  -1.4655609e-02   2.2962604e-02  -1.3309495e-01  -2.6943803e-02  -2.9246014e-02  -6.8874853e-02  -2.4428080e-01   1.2781812e-01   7.2667803e-02  -9.4279115e-02   2.1387785e-01  -1.0669133e-01  -1.9806886e-03  -1.1758940e-02
  -6.7997237e-02   1.0964701e-01  -2.8880011e-02  -1.6401039e-02   1.1907590e-02  -3.4785873e-02   1.2373385e-03   5.5270329e-03  -1.6420652e-02  -8.1342501e-02  -5.7210175e-02  -5.9832400e-02  -1.6032719e-02   2.5774612e-01   1.1695368e-01   9.0604177e-03   2.3732005e-02  -1.3237065e-01  -3.9689496e-03   1.9120017e-02   4.8539560e-02  -7.3280323e-02   1.0218226e-01   3.8266189e-02  -5.8517214e-02  -1.9535929e-02   4.3946846e-03   2.2299108e-01
  -3.6272313e-03   1.9307723e-02   6.9426177e-03  -7.8625859e-03   2.8168270e-03  -3.8499548e-03   3.9376318e-04   1.0829029e-02   5.0240062e-04   2.6668872e-02  -1.9062837e-03   2.1536564e-02   1.6908288e-01  -1.6977682e-01   3.9357210e-03  -1.5590872e-02  -2.3533567e-01   2.7812449e-01   5.0672949e-03  -8.0241451e-02   1.0396584e-01  -1.9468890e-01   3.5326548e-02  -3.6274699e-01   8.8901443e-01  -4.4669799e-01   1.3219986e-02   1.1421557e-02
   3.3875954e-02  -4.0733515e-02   2.7278783e-02   2.1344312e-02   3.4874878e-01  -1.9629004e-02  -2.0976232e-03  -7.0191080e-01  -5.5809650e-03  -2.7712269e-02   1.9185285e-02   4.7257028e-01  -6.3606272e-02  -3.3282245e-02  -3.4921900e-03  -8.6546037e-03   7.5844472e-03   5.2327101e-02   5.1446525e-03  -2.6458335e-02  -4.7975600e-02   9.5024956e-05  -5.2863849e-02  -5.7477371e-02   4.7587052e-02   1.3542548e-02   1.5789889e-02  -7.5422976e-03
   4.7890452e-03   6.8747481e-03   2.2886693e-03  -1.4107235e-03   2.0775652e-02   8.7181090e-03  -2.2632178e-04  -2.0468318e-02  -1.4533603e-02   3.0117003e-02  -1.9235173e-03   6.5239563e-02   2.6792174e-02  -2.2810229e-01  -1.1463722e-02   5.3925001e-02   5.8683587e-02   9.4279685e-03   2.0307119e-02  -1.1626116e-01  -4.6911845e-01   7.0825975e-01  -1.4844227e-01  -9.1897970e-03   1.2059113e-01  -1.1011059e-01   1.2545551e-02  -3.8130622e-03
   9.3820683e-02  -1.3637540e-02  -2.3519905e-01   1.3383685e-02   4.8778571e-02  -4.4937960e-03   1.8127776e-03   5.2921006e-02  -1.8772970e-02  -5.7020740e-03   3.5442257e-02   3.3361821e-02  -4.2692330e-02   1.4900573e-02   4.4389272e-02   6.4568849e-03  -8.7473303e-03   6.8815185e-03  -1.2335747e-02  -4.0555680e-03  -1.5385528e-02   5.5475652e-03  -7.0856491e-02  -4.8853985e-02   4.7777777e-02   2.0404940e-02   3.7418497e-02   4.0909948e-02
   2.6668515e-03   4.4598443e-04   6.7014737e-03   1.6266427e-03   7.8771323e-02   2.9858642e-04   2.8280924e-04   1.7630855e-02  -1.7773774e-02   9.7767449e-03  -4.4301930e-04  -6.3512174e-02  -3.6410996e-01  -8.9554354e-02  -1.1260383e-02   1.4683838e-02   9.2344420e-01  -4.6399301e-02   1.4217903e-03  -5.0627947e-02  -4.8640118e-01   5.5829916e-02  -3.7217392e-02  -6.9082580e-02   1.1674333e-01   1.1317411e-03   1.1863051e-02  -1.6863609e-03
   2.2764229e-03   1.0123499e-03   4.3390098e-03  -3.2665803e-04  -7.5443975e-03  -4.7814782e-03   5.7478662e-04   1.4184698e-02   2.0527484e-02   9.2231966e-03   9.1576735e-03  -1.0196041e-02  -4.4379401e-02  -3.1046644e-02   3.1178307e-02  -2.6850452e-02   7.9821704e-02   1.6912802e-01  -1.1317977e-02   1.3384924e-01  -1.5346202e-01  -1.9641461e-01  -1.5377781e-01  -1.8189539e-01  -2.6749534e-02   4.5244800e-01   5.3333450e-03  -2.2763214e-04
   1.0409014e-02  -8.7592350e-02  -7.2465334e-03  -2.5078130e-03  -1.7717166e-01   3.6746478e-01   2.8301684e-02   2.2104051e-02  -6.4811479e-03  -5.9218038e-02   7.6247846e-04   7.6674878e-03   5.2014435e-02  -1.6933388e-01  -3.5190804e-02  -9.2387188e-03   1.8388268e-02   4.3632617e-02   3.7046583e-03  -1.4759402e-02   8.9792600e-03  -1.2210967e-02   2.7796583e-02   2.2029499e-02  -3.8032539e-02   1.0449857e-02  -1.1401112e-02   2.3132502e-02
   6.2187738e-03   2.3275795e-02   7.9844396e-03  -3.3989510e-03   3.3628808e-02  -1.6421545e-02   4.5409931e-03   1.7236184e-02  -3.5401583e-02  -4.5886378e-02   9.1402892e-03   9.6464858e-03  -8.9253969e-02   2.8500764e-01  -3.2900287e-01   2.0206970e-02  -3.7913912e-03   2.4162281e-02  -1.1701716e-02  -8.8362010e-03   2.7174847e-02  -1.4356529e-01   2.7265941e-01  -5.5203233e-02   1.0600779e-01  -1.5726914e-01   2.4559710e-02  -3.2231524e-02
   1.5974074e-03   9.5573623e-05   2.4967894e-02  -5.5592143e-03   2.4615956e-02  -3.7550327e-03  -7.0064806e-04  -2.2531389e-02  -9.2252985e-03  -1.0457077e-02  -2.1375495e-01   1.5436956e-01  -5.3621068e-02   8.2155709e-03   4.3138064e-02   4.5214943e-03  -8.4272285e-03   1.8742269e-02   3.6528623e-02   1.1638738e-02  -2.5933759e-02   1.5755354e-02  -7.4880166e-02  -3.1387598e-02   1.5491697e-02   1.4216871e-02   5.3167170e-03   2.2239376e-02
   5.5915151e-03  -4.2083422e-05   1.0184029e-03   3.6682144e-04  -3.1717141e-03   5.2199016e-05  -5.3361953e-05   1.7140517e-02  -6.6245557e-03  -2.8406503e-03  -1.1072828e-02  -5.1680081e-02   2.0311121e-02   2.0650525e-02   1.4015293e-02  -1.2312413e-02  -1.2231594e-02  -1.9700582e-02   2.1004238e-01  -5.2763341e-02   6.2509846e-02  -1.8087257e-02   1.2513106e-02  -2.7140125e-01   2.2577950e-01  -6.6052420e-02   5.9822244e-03  -3.3165921e-03
  -2.7877360e-03  -1.5731077e-03   3.0819337e-03  -2.9995308e-03   7.7559087e-02  -2.8679242e-03  -3.0260501e-04   1.0195695e-02  -1.8532552e-02  -2.6284712e-02   4.2895011e-04  -4.2929306e-02  -2.8342295e-02  -2.2057992e-02   3.5955547e-03   4.8393420e-03   1.9316764e-01   1.1554781e-01   1.4495746e-02  -2.9002979e-03  -3.4217429e-01  -2.9582154e-02   5.5391683e-02   2.6442067e-01  -6.8872217e-02  -1.7600261e-02   8.9384493e-03  -8.0665315e-04
  -8.8184121e-04  -1.2190696e-02   2.7855569e-03  -2.1945270e-03   4.7151365e-02   1.5058807e-01  -1.2416111e-04   6.6529668e-03  -4.1090955e-03  -3.8886573e-01  -4.7436128e-04  -2.7360289e-02   5.9392806e-02   2.4769136e-01  -2.0258517e-03   7.4243459e-03  -1.3120735e-01   1.6596576e-02  -7.1144650e-03   2.8958804e-02   4.0825700e-02  -1.6917613e-02  -7.4743529e-03  -2.6201118e-02   2.7842037e-02  -1.1358390e-02   4.2831528e-03  -7.3609464e-03
   2.9877908e-02  -6.5723366e-03   2.1228082e-02  -2.1415437e-01   5.3910234e-02  -4.3971237e-03   1.1568974e-03   2.1063147e-01  -9.8651782e-03   4.8709631e-03  -3.7149581e-03  -6.4357905e-02  -2.7233986e-02  -1.3917494e-02  -7.1110313e-04   2.6895168e-03   3.0996673e-02   3.1628153e-03   7.9917004e-04   8.6436658e-03  -2.6488524e-02   8.2258256e-04   1.3868841e-02  -2.1387750e-02   4.4047853e-02  -2.7017891e-02   3.2280534e-03  -1.0228546e-06
  -7.1834904e-03   8.6114381e-03   3.6654042e-03  -2.3447238e-03  -3.0323975e-03  -2.8503922e-03   8.1752628e-04  -6.7714848e-03  -4.9583344e-04   9.4657085e-02  -3.4812147e-03   2.1230787e-02   7.3584193e-02  -3.9184526e-01  -3.8771736e-03  -1.9396815e-02  -1.5980848e-01   5.1093329e-01   2.3788523e-03   6.4094220e-03   1.3231975e-01  -2.5844515e-01  -9.5938959e-04   1.2227226e-02  -7.8477832e-02   5.6783760e-02  -9.0538382e-04   7.0427557e-03
   7.8691205e-03   8.9608738e-03   2.8445875e-03   3.8330453e-04  -1.5622569e-01   2.0552765e-02   8.4782705e-05   1.1570942e-02   2.3289946e-01  -2.7780387e-02  -3.0358907e-03  -2.3338000e-02  -1.5468789e-01   4.0207874e-03  -2.6445514e-03   6.6742906e-03   8.7151838e-02   1.2545230e-02  -1.8563565e-03   1.8062304e-02  -3.9348227e-02  -1.7670712e-03  -3.2021262e-03  -8.6244743e-04  -1.5861170e-02   1.0528987e-02   2.9349753e-03   8.2445511e-04
   2.5314342e-03   4.3022969e-03   3.1705290e-03   1.0484793e-03  -1.1712025e-02   1.4023957e-03   4.3756689e-04   2.0136566e-02  -9.3249890e-03   4.7882972e-03  -3.1680954e-03  -7.2320508e-02   5.3264054e-02  -1.2008426e-02  -4.0789616e-03  -7.4893351e-02   1.8432628e-02  -2.0649265e-02  -2.9734598e-02   2.4959478e-01  -1.4340282e-01   5.5407055e-02  -4.8289550e-03  -1.0276646e-01   5.5068837e-02  -1.4183480e-02   2.2082402e-03   4.9297658e-04
   1.9910410e-03   7.0295825e-04   2.6143003e-03   3.6586669e-03  -5.6143975e-03  -1.7884247e-03   3.5284787e-04   5.3786579e-02   5.5005323e-04   1.1207940e-02  -1.0406488e-03  -2.0989165e-01   3.6192895e-02  -1.9832867e-02  -1.6522448e-03   2.3386412e-01  -3.5071776e-02   1.5118087e-02  -6.1368731e-03  -5.4273034e-02  -3.8201056e-02   5.0265429e-03   9.2793509e-03  -2.1056645e-02   4.4421263e-02  -2.3279529e-02   1.7720028e-03  -1.5826952e-03
