  -6.9962468e-02  -1.8705746e-01   7.5736449e-02  -1.9535774e-01   3.1319166e-01  -1.5444775e-01   2.8290436e-02   3.5588893e-01  -2.6914246e-01   2.2880169e-01   4.9843394e-04  -2.5974425e-01   1.6155017e-01  -1.0902865e-01  -8.2927545e-04   1.0545349e-01  -1.0397738e-01   3.2183828e-02   5.4114945e-03  -5.3750817e-02   2.4814475e-02   3.1076489e-03  -3.5346623e-02  -2.3020788e-03   1.9525881e-02   1.6555998e-03   1.4004149e-01  -7.4685327e-02
  -6.8293538e-03  -2.9572611e-03  -1.1947489e-01  -7.5980773e-02   6.5683124e-01  -1.0617042e-02  -8.5658176e-02   1.5204192e-02  -4.5575517e-01  -1.6911041e-01  -8.4863334e-03  -3.2158971e-01   7.3472997e-02  -2.3290587e-01  -7.1184917e-03   3.3372522e-01   6.6360831e-01   3.8575613e-01  -1.3327766e-01  -4.7389442e-03  -3.8958249e-01   2.4837716e-02  -2.2539248e-02   1.5348609e-02  -5.3609883e-03  -1.9480446e-02   2.5245396e-02   2.3109520e-02
   3.2128814e-02   3.8239653e-02  -3.1800099e-01   1.2158171e-01   4.2623335e-02   2.7167893e-02  -2.4570261e-01  -3.1099585e-02   2.2372523e-01  -5.3675556e-02  -2.8101590e-02  -3.6462965e-01  -1.4027000e-01  -4.2899636e-01  -1.7194902e-02   3.9662372e-01   3.3050810e-02   6.7855317e-01  -1.5337500e-01  -3.3495371e-02  -1.8130657e-01  -1.9693182e-01  -2.0412131e-01   4.3887908e-02  -3.8446365e-02   7.4595198e-02  -5.2667588e-02   2.1057179e-02
  -6.6046299e-03  -1.5299401e-02  -2.9888060e-02  -5.4954592e-02   4.4862395e-01  -4.2836364e-02  -3.0393881e-02  -2.2540001e-01   2.9023863e-01  -1.6607182e-01   9.4290789e-04   3.6962665e-01  -4.7892481e-01   1.2857015e-01   3.8472857e-03  -3.2768173e-01   1.6580393e-01  -3.6839348e-02   4.0978712e-02   2.9417836e-03   8.7137930e-02  -1.1776015e-01   6.1745227e-02   3.1476099e-03  -7.7091657e-03   2.8008397e-03   1.9276064e-02  -3.4974233e-03
  -1.5331233e-02   3.0579852e-02   3.9744973e-02  -3.1962306e-02  -1.6706362e-02   4.0164696e-02  -8.0701213e-02  -5.8440933e-02  -2.7035754e-03   2.7775225e-02  -1.4489075e-02   1.7457408e-01   6.8607356e-03  -1.0850841e-01   3.3225224e-02  -1.5601276e-01  -2.1121889e-02   1.9681690e-01  -4.0660535e-02   7.4083962e-03   3.3398729e-02  -1.0734567e-01   5.4400109e-02   1.7500947e-02   6.1153456e-03  -9.1230892e-03  -3.7674695e-03   2.1890932e-01
   1.1748199e-03   1.2195283e-03  -1.8631799e-03  -1.1095610e-02  -1.0239529e-02   8.9761792e-05   9.2895289e-04   4.9152713e-02   1.2074179e-02  -2.8877489e-03   5.9853093e-03  -8.2057625e-02   2.8821097e-03  -2.8779924e-03  -1.5299970e-04   1.1416699e-01  -3.0749073e-02   1.8805948e-02  -1.5837343e-01  -2.3144631e-02  -4.4076148e-03  -1.1840788e-02  -8.5503457e-03   2.7446856e-01  -2.0682064e-01   6.0586508e-02  -1.4112528e-03   9.1797095e-03
   1.0060530e-02  -7.0749150e-03   2.4757275e-02  -3.1106812e-02  -1.0477894e-01  -7.2634163e-04  -1.5194636e-02   5.3743429e-01   1.1928101e-01  -1.2849281e-01   1.9150594e-03  -9.6704097e-01  -3.9474974e-02   1.9220843e-01  -4.4423475e-03   8.5207364e-01  -9.5159413e-02  -2.3506404e-01  -7.0385805e-02   3.7954103e-02  -7.3715759e-02   4.8016142e-02  -2.4402286e-03  -1.2331776e-02  -3.1056937e-02   1.6499834e-02  -3.9835273e-03  -4.7874661e-02
   9.2873439e-02   1.2040377e-01  -6.1117396e-02   2.4839238e-02  -4.5799846e-02   5.9790905e-02  -1.1410375e-01   4.9758216e-02   7.8898593e-02  -1.2511457e-01  -1.3470131e-02  -1.6221728e-01  -5.2550920e-02  -1.8125731e-02  -4.3449820e-03   1.3824165e-01   6.1000513e-02   1.1210341e-01   3.8146907e-02  -4.9387401e-02  -6.3370455e-02  -2.4347522e-02  -1.8667220e-03  -7.7302555e-03   1.3068609e-02  -1.5401991e-03   1.3774265e-01  -2.9739229e-02
  -1.6348173e-04  -2.9090190e-04   1.0223955e-02  -1.1459320e-02  -1.6097485e-02   3.8658072e-03   5.8024115e-03   5.3406525e-02   5.6583298e-02  -1.1178338e-02   3.9441063e-03  -9.0034313e-02  -1.0033061e-01   1.6521545e-03   2.1936696e-03   9.5345866e-02   1.2151793e-01   4.1052799e-02  -7.3713615e-02  -1.0300645e-02  -1.4422272e-01  -4.9501494e-02  -1.3918443e-02  -8.7256360e-02   4.8717832e-01  -1.5584748e-01   3.0861369e-03  -7.4394540e-03
  -8.6800608e-04   1.1637161e-03  -1.0384462e-03  -6.9777945e-03   2.5744524e-03   1.1306129e-03   1.6616609e-03   1.0563121e-02  -3.1950614e-03   1.2283685e-02   1.5314767e-03  -1.0327964e-02   6.3449477e-03  -5.6604738e-02   3.6138957e-03   3.6683725e-03  -2.9093671e-02   1.3628017e-01   4.6942987e-03   2.7998384e-03   4.1325207e-02  -1.4239055e-01  -6.0665890e-02   5.4524002e-02  -2.8464765e-01   3.4075681e-01  -9.0160795e-04   5.0402494e-03
  -5.0604218e-03  -1.7598140e-03  -1.8421319e-03  -1.8216491e-03  -8.9840770e-02  -6.9437565e-03   2.6819775e-02   4.0923432e-02   2.4288482e-02   3.1345728e-01  -1.1989675e-03  -2.6443402e-02   7.9667971e-03  -6.9341933e-01  -1.8259219e-03   3.6823186e-03  -1.7334145e-01   9.3020220e-01  -1.8571543e-03   1.1856343e-02  -4.2217360e-02  -2.4468173e-01  -3.0865161e-02   5.5542334e-03  -7.8826715e-03   4.4828199e-03   3.1204256e-04   2.5394387e-02
   1.3383828e-01  -1.6295910e-01  -1.3380494e-02  -1.2470385e-02   7.8836948e-02  -5.3765238e-02   4.0594170e-02  -7.9168463e-02  -8.8542811e-02   1.0464781e-01   6.1130434e-04   1.3534046e-01   4.5518400e-02  -8.2354051e-02   1.3194520e-03  -1.1712597e-01  -9.1886508e-03   6.2938512e-02   5.8580077e-03   8.3890093e-03   2.6371972e-02  -2.4560279e-02   5.8663842e-03   5.9549672e-04   3.5396131e-04  -1.4227958e-03  -1.1638351e-02   3.3374258e-03
  -1.5476892e-03   2.5720271e-03  -9.2700898e-03  -3.2379356e-04   8.1018685e-02   8.2795703e-05  -1.4720747e-02  -9.1120904e-02  -6.1545001e-02  -2.1815007e-02  -1.6651432e-02   1.6631207e-01   5.7307165e-02  -7.5946077e-02   3.2415862e-03  -2.6937802e-01  -3.7289702e-04   1.7758901e-01   3.8962359e-01  -2.9039147e-02   6.9757663e-02  -1.2467808e-01   2.5357493e-02  -6.1504180e-02   1.7150688e-02  -7.0156181e-03   4.5904592e-03  -1.4450724e-02
   3.4971429e-03   3.6757461e-03  -1.3752326e-02  -1.8448145e-02   8.4191857e-02   6.6869712e-03  -1.5115697e-02   3.4077078e-02  -2.8185151e-01  -5.6260403e-02  -9.8199610e-04  -1.2102933e-01   7.5478000e-01  -8.2133496e-03  -7.4614313e-04   1.5807848e-01  -7.0914931e-01   1.0411611e-01  -4.3509903e-02   7.8959840e-03   1.5428231e-01  -5.0907938e-02  -1.0452127e-02   1.2307285e-03   2.3915882e-03   2.4812976e-03   4.3642093e-03  -1.5307332e-03
   1.1688222e-02   1.2552010e-02   1.6048057e-02   5.9639494e-02  -5.6625513e-01   2.2799105e-02   1.4231669e-02  -9.7437356e-02   7.2981097e-01  -2.4776475e-02   3.9029225e-04   1.7073834e-01  -4.1554775e-01   8.0102123e-02   8.7649188e-04  -1.7630632e-01   2.8676233e-01  -1.1541253e-01   3.5392519e-02  -1.6297587e-02  -4.1588362e-02   3.3751675e-02  -1.9525661e-02  -2.6876123e-03   5.8299050e-03   1.2866510e-03  -9.7753421e-03  -5.3518791e-03
   1.5874353e-03   4.4859087e-03  -1.0219507e-02  -3.8375566e-03   7.9526558e-03   1.4103260e-03  -4.7960166e-03  -4.1667456e-02  -7.3794403e-04   4.6141458e-02  -1.7223959e-03   8.2468290e-02   1.5860441e-01  -1.4382143e-01   4.1722485e-04  -9.1358947e-02  -5.6182386e-01   3.2645646e-01  -3.2814068e-02   1.6545797e-02   5.9330361e-01  -3.7079198e-01   4.0559256e-02  -2.5936137e-03  -1.9107432e-02   8.2466222e-03   3.0023543e-03   9.7613503e-03
   4.8527160e-03   9.0148408e-03  -6.9828376e-02   2.2027834e-02  -1.9555836e-02   7.4164190e-03  -2.9769861e-02  -5.1885898e-02   5.8101792e-03   2.3900923e-02   1.8771015e-01   1.3238601e-02   5.7973975e-03  -1.5499897e-02  -9.6166036e-03  -5.4097522e-02   6.7306742e-03   1.4584956e-02  -4.6205668e-02   8.4343131e-03   1.5797290e-02  -1.7013822e-02   2.1967652e-02   5.2748315e-03   6.5090559e-03  -5.6320520e-03  -2.3192855e-03  -1.1760291e-02
   3.7532851e-04   2.9236074e-03   2.6320568e-03   7.7111945e-03   1.9469084e-02   4.8744438e-03   4.1456349e-03  -8.4272994e-02   5.7398945e-03  -6.4053444e-02   2.3262473e-03   1.4160337e-01   5.2343321e-03   1.9490774e-01  -1.9010424e-03  -9.5377167e-02   2.1643912e-02  -5.1695578e-01   6.2726852e-03   7.9854160e-03  -1.6637414e-01   6.3749806e-01  -9.5633196e-02  -2.1173807e-03   3.5006264e-03  -3.7483586e-02  -8.2248909e-04   2.4140029e-04
  -9.4625408e-03  -3.3492547e-02  -2.1836221e-02  -1.9617489e-03   6.6468295e-02   5.2143956e-02   1.9134134e-01  -1.1473992e-02   8.0910960e-02  -4.6394570e-01   9.3634324e-04   7.9820525e-02   2.8739086e-03   3.1659323e-02  -7.6284961e-03  -9.6981291e-02  -2.8440748e-02   2.4127240e-01   5.3353944e-03   6.6180457e-03   1.4575245e-02  -8.2803959e-02   6.6137726e-03  -7.3281751e-04   1.0075362e-02  -4.7387917e-03  -9.6018041e-03   7.0560618e-02
   2.3493509e-03   1.5009580e-03  -6.1662728e-03  -1.6469757e-02  -5.3474179e-02  -9.6470741e-04  -6.3140431e-03   7.7335779e-02   9.1668258e-02  -1.4073836e-03  -6.8598255e-04  -1.4419177e-01  -3.4931629e-02  -5.1398332e-02  -1.4287091e-02   1.1368245e-01  -3.1821638e-03   9.9912559e-02  -1.9206341e-02   1.9852503e-02  -1.3679082e-02  -1.9121395e-01   3.4711298e-01  -1.3418440e-03   1.2419956e-02  -5.0820801e-02   7.4881564e-04   9.6992408e-03
   1.0995233e-02   1.6541634e-02  -1.2024565e-01  -1.4281234e-01  -2.7689347e-02   2.7498400e-02   9.8387093e-03   4.0830299e-01  -7.9808961e-02  -2.6433008e-02   1.1302620e-02   5.2963646e-02  -1.9105379e-02  -4.4711271e-02   1.8973667e-03  -1.7958461e-01  -1.0369066e-02   1.1532634e-01  -2.2697493e-03   1.7611391e-02   1.7832931e-02  -5.4432974e-02   4.7418032e-03   2.5620433e-03  -2.6644616e-04   6.9702216e-04   2.2746838e-03   3.8457682e-02
   6.7917700e-03  -2.0039221e-02  -7.7792234e-02   3.9479993e-01  -1.2563052e-01  -1.5315055e-02   6.2312703e-03  -4.0990427e-01   3.6554718e-02   2.7231315e-02   1.1096202e-04   3.1638271e-01  -6.2670249e-04  -3.1096453e-02   6.5867307e-04  -1.7097550e-01  -1.8127821e-02   4.1823278e-02   6.0253023e-03   2.7015497e-02   2.4468129e-02  -1.9087587e-02   1.0272673e-02   1.5421664e-04  -1.2374034e-03  -1.1257077e-03   5.3162208e-03   1.3645947e-02
  -3.7320333e-03  -6.0567270e-03   3.0269257e-02  -1.4228409e-02   1.5505238e-02  -1.1430893e-02   6.1378497e-02  -1.8705210e-02   9.6176288e-04   3.4000645e-02   2.9496433e-03   3.3415374e-02  -2.4443107e-02  -2.5011794e-02  -1.9659464e-01  -7.6729763e-03   7.6316403e-03   9.8244910e-02  -1.4117745e-02  -3.9309459e-03  -5.9012019e-03  -4.8327591e-02   6.7632814e-02   2.8265506e-03  -9.7891070e-04  -6.6925523e-03   3.8126493e-03  -1.3014137e-02
  -7.6900915e-04   5.9263546e-04   1.4629380e-02  -6.4561085e-02  -1.9524178e-02   2.5220328e-03  -1.6876250e-03   3.9974668e-01  -4.9433532e-02  -1.0888468e-02  -7.0612222e-03  -4.7249625e-01   7.6093003e-02   3.6451775e-02   5.7921761e-04   3.4758130e-02   6.5001943e-02  -6.2411540e-02   1.3337968e-02   9.9144435e-03   7.5489728e-03   2.9620062e-02  -5.3592717e-03  -4.1339381e-04  -2.9092108e-03  -1.3282062e-03  -2.6267717e-04  -4.1514698e-03
  -1.5934342e-03  -3.9841886e-04   3.5406253e-03  -2.9005840e-03  -2.0338956e-02  -1.5628614e-02   1.8845301e-02  -2.6539461e-02  -8.5648116e-03   2.5654260e-01   8.6650320e-04   3.3241978e-02   6.7090302e-02  -4.9520066e-01  -7.2388342e-03   7.6082886e-03   2.3469415e-02   2.2726469e-01  -1.3261904e-03  -2.0162601e-02  -1.0848039e-02  -4.8900836e-02   2.2273167e-02   1.2951720e-03   2.6345507e-03  -2.3933585e-03   8.7343325e-04   4.5709178e-03
   5.3594042e-03  -9.6265087e-03  -1.3470843e-01   1.5181118e-02  -3.3239679e-02  -1.4362197e-02   1.3926889e-01   4.5445897e-02   3.0054201e-02   2.2777693e-02  -7.9809990e-03  -1.2977945e-01  -2.0116560e-02   6.5715380e-02   4.8160887e-03   1.1672370e-01   1.9979015e-02  -1.2003977e-01  -2.5138796e-03  -1.0630696e-02  -1.4047778e-02   3.7407492e-02   4.9555246e-03  -2.0347028e-03  -9.6964471e-05  -8.6828358e-04  -1.7513401e-03   1.3610858e-01
  -1.9528696e-03  -9.0344860e-03   4.8990431e-03  -9.0182793e-03  -1.1642947e-01   2.5713427e-01  -3.1761877e-02   3.2172618e-02   8.3641475e-02  -2.6212097e-01  -7.5867517e-05  -3.5364965e-02  -3.2685508e-02   1.2855630e-01  -7.1394386e-05   2.0491118e-02   1.0162938e-02  -5.2000732e-02  -8.3768996e-04  -1.8500887e-04  -7.5447616e-03   1.9364924e-02  -1.2952943e-03   5.8916758e-05  -1.6340909e-03   3.4188119e-04   2.8113073e-03  -6.1217647e-03
  -5.1021435e-04  -9.1901670e-04   1.3275185e-03   7.7153399e-03   3.7691286e-03  -2.9139554e-03   2.5378292e-03  -6.5544639e-02  -3.3132156e-03   1.5305663e-02  -4.8077416e-05   1.6098301e-01  -1.0099917e-02  -2.7747352e-02   6.4517014e-04  -2.7866928e-01   6.5229473e-02   4.9388791e-02  -3.4886994e-02   2.2674409e-01  -8.5881690e-02  -3.4504327e-02  -1.8236076e-03  -4.6536022e-03  -3.4057083e-03   5.4481015e-03  -9.2786076e-04   2.3257223e-03
