   1.4769098e-01   2.8330158e-01  -1.2546667e-01  -6.4430871e-02  -4.1486839e-01   8.3079772e-03  -3.6801413e-02   9.0552626e-02   2.5044977e-01  -9.1041911e-03  -1.5390224e-03  -3.5535504e-02  -3.2749010e-02   3.8879617e-02  -9.0054869e-03  -7.8577427e-02  -4.6479436e-02  -1.8585074e-01   2.6076211e-02   1.6163645e-01  -3.0803440e-02   1.9324175e-01   7.9104243e-02   1.0779749e-01  -2.7534671e-01   3.6218345e-02  -8.1192574e-02   3.2993927e-02
   4.0590171e-04  -2.9420664e-03  -6.9346965e-02  -4.7453517e-02   1.8653482e-01  -1.5815413e-02  -2.1762530e-02   1.5754441e-01  -6.9029245e-02  -1.7385832e-02  -1.3796823e-02  -7.7368518e-02  -5.0768826e-01   2.0959575e-01  -3.1767588e-02  -1.2561938e-02   4.6403315e-01  -2.4590291e-01  -1.4822133e-01   2.1910134e-01  -2.5241677e-02  -5.6522804e-01   8.8205156e-01   1.9436586e-02  -1.6234854e-01  -1.2173580e-01  -9.9100384e-03   4.9003680e-02
  -5.7881927e-02  -1.0284944e-01  -4.4253649e-02  -1.2060344e-01   9.2867706e-01  -1.0778101e-01  -5.6906298e-03   1.4123339e-01   9.9598641e-02  -5.5874584e-02  -3.0015914e-02  -4.8991226e-01  -8.0276242e-01   7.6132337e-02  -2.8829131e-03   6.4267193e-01   3.7487806e-01  -1.8985999e-01   1.2464611e-02  -3.0754650e-01  -7.2478793e-02   2.1533517e-01  -6.8177632e-04   6.9951471e-02  -1.8688222e-01   1.7228609e-02   6.7956506e-04   2.2591918e-02
   6.9224039e-03  -4.0297997e-03   9.7544474e-03  -2.0176783e-03  -8.5623463e-02   5.2288297e-03   1.7541151e-02  -1.8476677e-02   9.1571305e-02   1.8344929e-02   5.4895834e-01  -1.3535366e-02  -1.0728650e-01  -6.0599304e-02   9.2053092e-03  -1.8403345e-01   3.1386032e-01   2.9124480e-01  -9.9345592e-03  -5.2574976e-02  -1.1239988e-01  -6.7278463e-01   4.9895741e-01  -1.1928268e-02   4.6588798e-01  -9.9586126e-02   2.9396173e-02  -6.4379686e-02
   8.5201877e-03  -1.6829224e-02   1.4128300e-01   1.5574502e-01  -6.8776688e-02  -1.1779922e-02  -8.8296871e-03  -1.3609732e-01   3.6602853e-02  -4.8600780e-03  -5.4512748e-01  -1.9679034e-01   5.1168656e-01  -1.7736969e-01   1.8306417e-02   5.1600335e-01  -3.4524558e-01   4.3373586e-01   9.2353521e-02  -6.9072239e-03  -1.5887658e-01  -4.5670163e-01   2.7082472e-01  -1.1306587e-02   3.0522875e-01  -9.3196521e-02   3.6487887e-02  -3.2080931e-03
  -3.6308030e-02   2.7823104e-02   1.4731621e-01   8.8975906e-03   2.8636402e-02  -3.2984251e-02  -3.9821002e-02  -4.2654929e-02   7.8232302e-03  -2.5901910e-02  -1.6431569e-01   7.3490523e-02  -5.9574218e-03  -9.1688557e-02   4.3465780e-02  -6.1572939e-02   5.1063072e-02   1.6486824e-01  -1.0620439e-02   4.4276282e-02  -7.7423725e-02  -5.2820627e-02   3.7060624e-02  -1.1451438e-02   6.9704946e-02  -4.3515529e-02   2.8983552e-02   1.9081321e-01
   9.0343194e-03   5.5361741e-03   2.7562710e-03   1.4453652e-02  -2.7436042e-02  -1.3561489e-01  -2.9337295e-02   4.5375993e-04  -6.7700153e-02   3.8700771e-01   1.7413246e-03   1.7398086e-02  -6.0466381e-03  -2.2054928e-01  -7.8790613e-03  -1.9284277e-02   1.9886915e-02   7.1054264e-02   6.8934554e-04   5.7299650e-03   8.0047402e-03  -3.4211933e-02  -1.5880121e-03  -8.9584352e-03   8.0424938e-03   5.6084423e-03  -1.8427791e-03  -1.0317406e-02
   4.2703798e-02   1.5623496e-01  -4.4970187e-02   2.7084344e-02  -5.9865093e-02   2.7818353e-03  -1.7646080e-02   3.7215759e-02   8.5308939e-02  -2.7601074e-03  -8.1751990e-02  -5.4036559e-02  -1.4382647e-01   5.4493941e-02  -1.1288774e-02   1.3932858e-01   2.0917783e-02  -1.0860263e-01   8.0794512e-02  -8.3928359e-02   6.7539168e-02   5.2039665e-02   1.2278093e-02   4.4287652e-02  -1.3242650e-01   3.3854665e-02   1.7115652e-01  -1.2905152e-02
  -7.6063179e-03  -2.8708456e-03  -3.1198353e-02  -3.5013100e-02   2.4714150e-01  -1.4848229e-02  -2.2446113e-03   7.9071730e-02  -1.2861550e-01   2.1288063e-02  -7.5538077e-03  -5.2688392e-02  -4.5970341e-01  -2.9323107e-02  -6.3173351e-04   9.0259697e-02   3.8030936e-01   3.4134591e-01  -8.0803704e-02  -5.9371666e-02  -4.9653098e-02  -5.3582427e-01  -9.9938799e-02  -2.1474096e-01   6.6701249e-01  -2.9815801e-03   3.2925176e-03   2.4822185e-03
   1.1814569e-02  -2.2274552e-02   9.5953967e-03  -2.9965420e-03  -1.0985949e-01   2.6761314e-01  -8.7353937e-02   3.9441059e-03  -2.7607304e-02  -8.8344857e-02   1.1408240e-02   2.7659126e-02   2.8045135e-02   3.0707150e-02  -1.1960498e-03  -5.0090049e-02   1.2464565e-03  -5.0628167e-02  -5.8681630e-03   3.1560714e-02   3.9795663e-03   1.4302457e-02   7.7348386e-03  -1.8632458e-03  -4.0466582e-03  -1.6161815e-03  -2.4238856e-04  -1.4791033e-02
  -2.1339628e-03  -7.1186308e-03  -1.3777260e-02  -2.0173890e-02   8.1734999e-02  -3.8319637e-03  -2.7386934e-03   6.5699354e-02   5.6574071e-02  -7.4340637e-03   1.8284164e-02  -4.7348791e-03  -6.5074165e-01   8.6263201e-02  -7.6434152e-03  -3.7306216e-02   6.4677164e-01  -1.6583382e-01   8.9844214e-02  -3.9582263e-01   6.6554094e-01  -2.9609445e-01   1.0217152e-01   4.5382864e-02  -2.4876128e-01   8.3539367e-03   9.8670972e-04   2.2322001e-03
  -1.1411674e-04   1.5227152e-03  -9.2913190e-03  -3.8861030e-03   2.7476054e-02   1.4978549e-02  -2.1080319e-02   1.1380552e-02   5.9715846e-03  -2.1862936e-01  -1.4729953e-03   4.1791819e-03  -1.6171579e-01   5.9799944e-01  -1.2034925e-02   2.7847877e-02   2.5356776e-02  -3.4790040e-01  -7.2958387e-03  -1.4166448e-02   5.2070883e-02   2.4542250e-02  -4.0864944e-03   7.7606118e-03  -1.8371068e-02   1.3728065e-02  -9.7718133e-05   4.1525848e-03
  -3.9321488e-02  -5.2020809e-02   2.8144205e-01   2.4654911e-02  -4.2020029e-02   2.4917025e-02   9.8488394e-03  -5.0436255e-02  -2.5028659e-02   1.5925910e-02  -9.2627313e-02   8.9956688e-02  -2.0053782e-01   1.0505912e-01  -1.2234862e-02  -8.3073927e-02   1.5399820e-01  -1.5083339e-01   6.5308452e-02   1.5746336e-02   1.2299581e-02   4.9632579e-02   6.0445452e-03   2.1935891e-02  -4.5284027e-02  -1.2539322e-02  -2.6477924e-02  -1.2431227e-01
  -2.9978199e-03  -1.5930354e-04   1.6436412e-02   1.8712905e-02   2.4354646e-02  -4.3965329e-03  -2.8355244e-03  -3.1123135e-03   4.0598438e-02  -4.8143939e-03  -1.0897320e-01  -5.2986181e-02  -1.3844192e-01   9.2433884e-03   2.6650792e-03   2.8696315e-01   1.6900235e-01  -3.6600935e-02   5.7620486e-01  -7.5866548e-01   1.1088338e-01  -4.4719039e-03   5.5667566e-02   2.6417556e-02   4.9203230e-02  -2.3208886e-02   1.0631177e-02  -9.3384591e-03
   1.2492548e-02   2.2655403e-02  -5.1644155e-02  -1.7030350e-01  -1.1031300e-01   1.6487442e-02  -1.1361266e-03   6.3183287e-01  -1.3685856e-01   1.9373513e-02  -5.3098981e-02  -8.9304794e-02  -9.3576697e-02   5.2289831e-03   2.0863205e-03  -1.8709071e-01   1.0344047e-01   2.9089763e-02   1.3464266e-02   8.8761163e-02  -2.2944176e-02  -3.9084396e-02   1.5001439e-02   6.1916909e-03   4.4477390e-03  -7.7566909e-03   4.7855841e-03   8.1724372e-03
   3.0821424e-04   6.6030920e-04  -7.5935548e-03  -1.0484761e-02   3.4539984e-02  -1.2992166e-02  -1.6763848e-03  -1.8966217e-02  -1.0432328e-02   7.0825685e-02  -1.0438835e-02   1.5936423e-01  -1.7161680e-01  -3.2508601e-01   1.3849733e-02  -2.4367135e-01  -2.8697574e-02   7.9375453e-01   1.6308540e-03   1.1463293e-01  -5.1552614e-02  -2.5968751e-01  -3.1122863e-02  -7.3289027e-05   2.4806521e-02  -2.5394020e-02   1.1043220e-03   1.4029831e-02
   9.4912831e-04   9.1847519e-04  -3.6097257e-02  -6.9820951e-03  -2.7968205e-03  -5.4080934e-03  -2.8242675e-02   2.6779433e-02   1.0726485e-02  -3.6036676e-02  -4.2958107e-02  -1.4553722e-02  -8.8387201e-02   1.7528775e-01   1.9551043e-01   5.1508989e-02   3.5769985e-02  -2.2005162e-01   3.7364072e-02  -5.4605823e-02   5.8263667e-02   3.2808058e-02  -7.2947186e-02   9.1523634e-03  -3.5509550e-02   5.1408447e-02  -8.4311553e-03   4.8998829e-02
  -4.8412928e-03  -3.9448795e-02  -6.0793715e-02  -2.4925337e-02  -7.5422421e-02   5.3492751e-02   1.8226726e-01   5.7036970e-02   3.4905968e-03   2.9769644e-02  -8.8714185e-02   2.7017748e-03  -6.8511912e-02   3.1336157e-02  -7.9789171e-03   1.3233645e-02   3.8851429e-02  -7.9967955e-02   3.0943671e-02  -4.6678393e-03   1.2148227e-02   4.3981647e-03   3.4382040e-02  -3.5335953e-04   1.1345224e-02  -2.0742392e-02  -1.6354501e-02   1.4316166e-01
  -5.7758868e-04   2.7062837e-03   2.0326160e-03   7.1719073e-03   3.0235519e-03   8.6739997e-03  -2.1730521e-07   4.8601686e-03  -5.9159507e-02  -3.6856075e-02   9.4186979e-03   4.9185197e-03   1.8713455e-01   2.2640721e-01  -4.2772611e-03   6.6224734e-03  -1.7498704e-01  -8.6794006e-01  -2.0995216e-02  -2.4442957e-02  -1.5188347e-01   1.1080045e+00  -1.8066879e-01  -1.9516156e-02  -9.7513282e-03  -3.7303278e-02   2.3449930e-03  -4.4588813e-03
   3.8850822e-03  -4.6040171e-03  -2.6193710e-03  -2.0860060e-03   5.2516595e-02  -4.8250883e-03  -1.6930701e-03  -7.0559301e-02  -3.4732292e-02  -4.7947878e-03   1.0298060e-03   2.5682264e-01   3.3124303e-02   2.8412758e-02  -5.4549240e-04  -7.7473023e-01  -7.2501030e-04  -7.4385482e-02  -1.2026379e-01   9.3134301e-01  -2.1093897e-01   9.0900084e-02   3.4547238e-02   1.9279113e-01  -3.3122761e-01   1.9960333e-02   2.6424089e-03   5.2762639e-03
   1.1058266e-03   4.9072557e-03   2.1242503e-03  -1.8882580e-02  -3.0096000e-02   3.3212595e-03  -1.8673058e-03   1.7987351e-01   1.1637431e-02   4.6210205e-03  -2.9688405e-02  -6.1467835e-01  -3.2668722e-02   1.8879831e-02  -2.0950175e-03   1.0523883e+00  -1.7919394e-01  -3.4896086e-02  -4.0950707e-02  -3.3533933e-01  -6.6608248e-02   1.0347908e-01  -1.4736277e-02  -1.5607814e-03   9.2070175e-03   8.9166397e-03  -3.5278137e-04  -1.0964936e-03
   1.7462097e-01  -1.2673411e-01  -2.7061680e-02  -8.6356185e-02  -1.7569137e-03   3.6752745e-03   1.0680978e-02   4.0639165e-02   3.5248769e-02   3.5128130e-03   8.2086328e-03  -1.7009068e-02  -3.9880130e-02  -3.1142177e-03  -7.5272133e-04   3.0340788e-02   1.5200381e-02   8.1609866e-03   5.7577362e-03  -3.3528688e-02   2.2825061e-03   4.5681195e-03  -8.5288498e-03   3.9928232e-03  -4.2568634e-03   1.7669682e-03   5.6328342e-03  -1.6690064e-02
  -3.2150112e-03  -5.6636034e-03  -9.0302659e-04   2.8832908e-02   8.4849082e-02  -6.8334653e-03  -1.0435173e-03  -3.5676309e-01   1.0034857e-02  -1.0942301e-03  -3.6530320e-02   6.5790667e-01  -1.8506963e-01   2.5996302e-02  -1.0467545e-03  -2.2809847e-01   2.3999343e-02  -4.4831604e-02   3.3846106e-03  -2.1679549e-02   2.0702252e-02   4.3843517e-02   6.3213643e-03   7.0745464e-03  -2.2983074e-03  -1.3772220e-02   1.6955564e-04   1.9212309e-03
  -4.4439409e-04   2.5941265e-03  -4.6845266e-03  -1.0661514e-02   4.6551541e-03   2.4027250e-04  -1.1455015e-03   3.0659802e-02  -1.4299015e-02  -1.0964716e-03   2.0536301e-02  -7.8153137e-02   4.5087422e-04   1.3013140e-02  -8.4559114e-04   2.2378413e-01  -9.2922440e-03  -5.2093221e-02  -8.9681580e-02  -2.5267094e-01   5.1897922e-02   6.5860072e-02   3.9716010e-03   3.1265223e-01  -2.5344463e-01   1.7002084e-02  -1.3873901e-03   1.9221859e-03
   7.0371059e-03   1.0619461e-02   2.3604375e-03   3.1403072e-02  -2.0351140e-01   1.8994016e-03  -3.7879451e-03  -7.6491938e-02   4.5500029e-01  -1.5985325e-02   2.3420571e-04   9.9055019e-02  -4.5089775e-01   8.8263952e-03  -5.8507175e-04  -1.0557813e-01   2.9095176e-01  -2.2556239e-02  -1.1107790e-02   7.4170951e-02  -1.3168259e-01   2.5693353e-02  -9.3593169e-03  -7.5252589e-03   2.3361383e-02   5.4863448e-03  -6.4842628e-04  -4.0835519e-03
  -4.9134146e-03  -1.0943145e-02  -7.1312558e-02   3.4246586e-01  -1.1436319e-01   9.7636732e-03   4.7426783e-03  -2.4596690e-01  -3.5101637e-03   6.2104485e-03   5.5124216e-03   9.7636657e-02   1.8472590e-02  -1.0892125e-04   2.4158458e-03  -4.9960916e-02  -1.2356440e-02   7.2819295e-03   4.4719469e-04   1.5938625e-02   1.3985822e-02  -4.1346343e-03  -2.1673390e-04   1.0794844e-04  -6.4244443e-03  -3.1359122e-03   2.9028391e-03   4.5462104e-03
  -3.5377756e-04  -9.3473907e-04   2.8756594e-03  -2.6271512e-03   1.0417977e-02  -1.1565448e-04   1.6597205e-03  -6.6706370e-03  -1.7682797e-02   4.1260450e-03   2.9549450e-04   3.2404760e-02   2.9631569e-03  -2.0975321e-02   2.7553209e-03  -7.2989916e-02  -1.9539779e-02   8.8473400e-02  -1.2238187e-02   7.1072007e-02   5.0161518e-02  -9.9311826e-02  -6.7428298e-02   6.8347317e-02  -2.9777524e-01   2.7696938e-01  -4.9132942e-04  -7.0535326e-06
  -3.3947759e-04   6.3525981e-04  -2.0529727e-03  -2.3498338e-03   1.7298908e-02   4.8274886e-04   3.2066559e-04   4.3910338e-03  -6.4191551e-03  -3.2149837e-04  -6.0734360e-04   5.7471316e-04  -1.4537837e-01   1.9478036e-02  -3.7461171e-04  -3.3125236e-02   3.7494338e-01  -8.9891068e-02  -1.0427926e-02   7.3470042e-02  -3.5275344e-01   1.3440947e-01  -1.6401971e-02  -3.6172969e-03   5.1370029e-02  -1.1614713e-02   7.0950140e-04   3.3695089e-04
