  -2.4997662e-01  -1.7320869e-02   5.7958846e-02   1.6264487e-02   2.9006402e-01  -4.5748965e-03  -6.1679952e-02   3.2420418e-02  -1.8893907e-01   1.0620292e-02   1.6277879e-02  -1.5431717e-02   1.5076570e-01  -7.9759950e-03   2.9587394e-02   1.7093869e-01  -2.6659310e-01   7.6227539e-02   3.8004595e-03  -1.9044979e-01   2.2589701e-01  -7.0375017e-02  -1.4106623e-02  -1.9954935e-02  -3.8373220e-03   9.8259235e-03   2.1109901e-01   2.4984710e-02
  -9.2204800e-02   9.5818890e-04   9.8372523e-02  -1.2823051e-02   7.6921640e-02  -9.0253952e-06  -3.1334041e-02   4.0282512e-03  -9.2804409e-02  -4.3965593e-02  -7.6563752e-02  -1.4625574e-02   1.3227964e-01   6.1116463e-02   3.7959570e-02   1.9451353e-02  -1.7465121e-01   5.8936601e-02  -2.5859993e-03  -1.4959418e-02   5.2231202e-02  -2.2364783e-02   4.0330466e-02  -2.4545067e-02   3.4388788e-02  -2.0622418e-02  -8.4423142e-03   2.1894322e-01
   1.0886625e-02  -5.5600985e-03   5.5942125e-04   2.8398656e-03  -9.7624141e-02  -3.5890487e-03   1.6586597e-02  -5.4024750e-02  -8.1658381e-02  -6.4500738e-02   8.4420620e-03  -2.0166366e-02   9.1245356e-01  -5.4351980e-02   9.4254591e-03  -9.2385386e-02  -3.6276562e-01   3.8699208e-01  -6.6780695e-03  -5.9178623e-02   3.7964784e-01  -5.4694719e-01  -4.0259569e-02  -2.1998872e-03   3.8460749e-02  -2.1790903e-01   1.4293240e-02   4.2329929e-03
  -2.7857778e-03  -9.8993063e-05   1.1217018e-01  -6.9908706e-03   6.1135949e-02  -9.9621256e-03   6.4735684e-02   5.5239689e-02  -1.4656164e-01   4.1089918e-02   1.9474570e-01  -6.5349450e-03   3.4567348e-02   5.5140919e-02   2.6048089e-02  -1.7129472e-01   4.1538733e-01  -2.8080934e-01  -2.1931555e-02   1.7837604e-01  -4.2421328e-01   1.2193695e-01   1.4279087e-01   5.0487731e-02  -6.9188055e-02   4.2892923e-01   1.0097789e-01  -4.9351596e-02
  -8.4686277e-02  -7.1826679e-03  -4.1290642e-02  -2.1593420e-02   6.7409875e-01   5.5126183e-05  -2.8230849e-02  -1.6015083e-01  -1.1971789e-01  -1.8852102e-01  -2.8014697e-02   4.0973913e-02  -2.0797157e-01   3.7253899e-01   8.4841191e-03  -1.7473035e-02  -6.0296079e-02  -4.0339395e-01   3.9502471e-04   3.5066146e-02   1.0198001e-01   1.8564701e-01  -9.8747157e-03   1.8749895e-03  -8.0842347e-03  -2.7555405e-02  -5.3015779e-03   4.7092346e-02
   1.7172046e-01  -1.7673453e-01  -8.3518244e-03  -1.3363557e-04  -4.4411621e-02   1.3895937e-02   1.6789511e-02  -4.7489276e-02   2.0247992e-02   9.5926124e-02   2.5704203e-03  -3.3790652e-03   6.9771361e-04  -1.0157199e-01   3.1832079e-04   2.0067756e-03   2.0385436e-02   4.3437090e-02  -4.5080749e-04   8.6389171e-03  -2.0628713e-02  -7.3347012e-03  -1.2952011e-03  -1.4199421e-03   3.6729865e-03   4.8770181e-03  -3.2126052e-02  -3.0740657e-02
  -1.9392893e-02  -1.1842998e-03   4.0001763e-05   4.3717834e-03   1.4531932e-01   6.2772527e-04   4.1271686e-03  -1.0633022e-02  -3.6055930e-02  -1.8808352e-03  -3.0985301e-02  -6.5883295e-04  -3.9019848e-01  -1.4185797e-03   2.6681411e-03  -1.4482626e-01   2.8157969e-01  -3.8528801e-02   5.3363687e-03  -4.9086194e-02   5.1741131e-01  -1.1553379e-01   9.8695863e-04  -1.4583868e-02  -3.8927513e-02  -4.2902532e-02   9.9937096e-04   1.5966631e-02
  -5.1322870e-02  -4.3192266e-03  -1.0722854e-02   3.8837045e-02  -1.2763880e-01  -5.0359638e-03  -5.8788270e-03   4.8821233e-01  -6.1559171e-02   8.7300496e-03   7.7047546e-03  -5.5314554e-02  -2.0971786e-01  -8.6771052e-03  -1.2620694e-03  -1.3877419e-01   1.1050406e-01   6.6619719e-02   2.0471917e-03   4.0935338e-03   5.3313977e-02  -6.7933318e-02  -8.1669279e-03  -2.0065373e-03   3.1124719e-03  -2.2034860e-02  -2.2177907e-02  -4.5492697e-02
   2.2858327e-01   1.0171200e-03  -1.4617110e-02   1.4716666e-03  -7.8485425e-02   1.0206091e-03   4.0747039e-04   2.9744810e-02   8.5883382e-02  -8.1414101e-03  -7.3899384e-02   1.4771362e-02  -1.0795081e-01  -1.3091775e-02  -7.7764811e-03  -9.3201006e-02   5.4132124e-03   1.0369491e-01   1.2949613e-03   6.1576231e-02   7.9680642e-02  -9.5467013e-02   8.0719757e-03   1.1952093e-02  -1.1771510e-02  -8.1135896e-02   1.7146364e-01   2.4936694e-02
   2.7382034e-03   1.8245980e-05  -4.9188475e-03   2.9493950e-03  -7.6073763e-02   7.8442771e-04   8.0634186e-03   2.4090863e-02   6.7552742e-02   1.5637384e-02  -1.4035054e-02   4.6483494e-04  -3.3667748e-03  -3.4310697e-01   3.5397015e-03  -1.2202329e-02  -2.2468139e-01   9.2389954e-01   2.4551252e-03   1.5999947e-02  -3.4589525e-02  -3.7503039e-01   4.2976882e-02  -6.2864503e-03   3.4647028e-02  -3.4957547e-02  -4.5749768e-03   1.4369160e-02
  -2.0090759e-03  -1.0062241e-04   1.0654158e-04   1.4305551e-03   1.4939713e-02  -2.4012635e-04   5.1024849e-03  -6.1376426e-03  -1.0148520e-02   2.6698677e-03  -4.7392284e-02  -4.5635632e-03  -3.0725526e-04   6.0394433e-04   1.7894187e-03   6.7349635e-03   6.0378605e-03   5.8797850e-03   2.1950016e-01  -1.2489317e-01   5.4935332e-02  -1.2873804e-02  -5.4380558e-03  -1.1227597e-01   7.8405956e-02  -3.0874822e-02   7.5130196e-04   3.0972494e-03
  -3.5264346e-02   2.4738783e-02  -1.5755104e-02   1.9956775e-04  -1.1895678e-01  -1.6772000e-02  -1.4401648e-02   7.2468638e-03  -1.9329713e-02   5.1456289e-01  -5.6898776e-03   9.6916920e-03  -2.9849835e-02  -3.7327440e-01  -3.7100184e-03   9.8583355e-03   8.8531265e-04   7.1952710e-02  -4.9661663e-04   2.3258767e-04  -5.5990263e-03  -3.1561029e-04  -3.9513587e-03   1.8776409e-03   3.1118109e-03  -2.1094878e-03  -5.0481458e-03   3.6206001e-02
  -3.9140631e-02   1.6758313e-02   9.6399702e-04   1.3811269e-03  -5.0836770e-02   2.0154123e-01   6.1530448e-04   8.6387039e-03   2.0553196e-02  -2.4879287e-01  -3.0576408e-03   3.4031196e-03   1.2634511e-02   1.0998446e-01  -9.2802651e-04  -1.6136425e-03  -1.0105357e-02  -1.7660963e-02  -6.4409610e-04   7.2941821e-03  -5.1637425e-03  -4.9724232e-03   1.5146347e-03   8.1699917e-04  -2.7983735e-07  -2.5914232e-04   2.8006893e-03   1.5032608e-02
  -1.4790613e-02   1.1196841e-03   2.4336001e-02   5.1662564e-03  -6.3892608e-02   1.5070495e-03  -8.9175959e-03   1.8482128e-01   5.8916436e-03  -2.7603274e-02  -4.1431619e-02  -2.1692161e-03   8.6868413e-02   4.2675275e-02   1.2658272e-03  -6.6473852e-01   2.0914433e-01  -4.8544977e-02   2.9387821e-02   2.7571867e-01  -6.7215783e-02   2.5840091e-02   1.0290051e-02   2.3091616e-03  -6.1084382e-03   9.1128719e-03  -4.4132615e-03  -4.1749793e-03
  -3.7638943e-03  -1.1487284e-03   8.0403045e-03   2.1221163e-04   1.1374797e-02  -4.6371438e-05   6.0326215e-03   2.9942677e-03  -5.3856008e-02  -3.9428880e-03   1.5523951e-02  -3.9804761e-03   9.8541758e-02   7.7402840e-02  -5.5055037e-03   3.5963093e-02   9.9911502e-02  -4.7412360e-01  -6.3572129e-03   2.8732302e-02  -3.5753698e-01   6.7703410e-01   2.2488388e-02   8.8885377e-03   5.5698392e-02  -2.1010996e-01   5.7504339e-03  -4.7507317e-03
  -7.2238728e-03  -1.1511232e-03  -4.0546801e-02   9.9580905e-04  -4.9993146e-03  -1.1631618e-03  -6.3216100e-03  -2.0073968e-02   1.4084035e-02   4.6584998e-03   2.8261629e-01  -2.0842527e-02  -1.1350464e-02  -4.7338564e-02   1.5606787e-03  -2.4316799e-01   5.1192334e-02   8.9936476e-02  -2.0568772e-02   4.7600054e-02   8.9864029e-02  -8.6843787e-02   1.4442434e-03  -4.5455868e-03  -1.0518218e-03  -3.7761008e-02  -2.1991511e-02  -1.6332563e-02
   5.0162555e-02   1.0276373e-02   4.1913003e-02  -6.0633519e-03   4.6928611e-02   5.1623827e-03  -1.9698303e-01  -1.5899355e-02  -3.1412932e-02  -1.3722785e-02   3.8825327e-02   6.3350397e-03   3.0715492e-02   3.8897408e-02   1.2637016e-02   2.2265202e-03  -2.1492603e-02   3.3855651e-03  -4.2144546e-04  -9.1700246e-03   1.5595339e-03  -1.4381424e-03   2.1175620e-03   1.6003103e-03  -1.2160394e-02   1.2066109e-02   2.0707577e-02  -1.0335104e-01
  -1.1414499e-03  -2.7940752e-04  -5.3228902e-04  -4.9424140e-04   1.0812977e-02   4.2457624e-04   1.2256150e-04   1.4825608e-03   8.4326477e-04   2.8854239e-03  -1.7940014e-02  -1.7253462e-03  -4.5500124e-02  -1.1550567e-02   4.0954015e-03  -1.9225254e-02   6.1842964e-02   6.4819597e-02   3.6407377e-02  -5.2858457e-02  -4.2222242e-03  -5.4115503e-02  -1.3378182e-02   3.0064142e-01  -1.5775024e-01  -8.3672972e-02   3.2858850e-04  -6.9996066e-04
  -2.4528603e-03  -9.2826041e-04  -2.4735609e-02  -1.6041893e-03  -1.4240002e-02  -2.9798718e-03  -4.8979479e-03   1.9249968e-02   2.3110336e-02  -3.8118541e-03  -3.9569793e-02  -1.4633401e-02  -2.7414188e-02  -4.6311242e-02   1.9956533e-01  -1.4753504e-02   7.8564064e-02  -7.9339019e-02   3.9840991e-03  -7.2686045e-03   4.1292749e-02  -3.3009929e-02  -2.3821249e-02   6.9420077e-03  -3.6972732e-03  -9.1620504e-03  -1.0747157e-02   4.1909222e-02
  -1.0349883e-01  -1.6444907e-03   2.3082514e-01  -1.3148066e-02  -2.6671863e-02  -3.2989747e-03  -1.5600856e-03  -2.2361279e-02   1.0531289e-01  -1.2085643e-02  -3.3937730e-02  -8.9851373e-03  -1.2309447e-01   3.0636914e-02  -1.3879133e-02  -1.9285058e-02   7.3179532e-02  -5.2470545e-02   9.1436981e-04   2.6491828e-02   1.7227473e-02   1.6215793e-05  -7.8795758e-03   6.1673558e-03  -5.1038586e-03  -2.2990728e-02  -3.8880102e-03  -1.2781426e-01
   1.1828308e-03  -5.1992833e-05  -4.9496554e-03  -8.1718384e-05  -1.1293483e-03  -6.6806101e-04   1.7768060e-03   2.9182706e-03   1.9079085e-02   1.1694772e-02  -2.5967222e-03  -2.4406365e-03  -3.1871322e-02   5.6825265e-04  -1.6498866e-02  -1.4974475e-02   2.6858890e-02  -3.4599386e-02   3.5749545e-03  -1.5291247e-02   1.1220095e-01  -1.2788728e-01   2.0495567e-01  -1.9271061e-02   5.6901793e-02  -1.5514150e-01   1.8568403e-03   6.7324327e-03
  -3.5237338e-03  -1.8100951e-03  -4.0710814e-03   4.5717620e-03   2.8365523e-03  -1.9166110e-03  -2.5345198e-03   4.4064878e-03  -1.1488619e-02  -1.1719231e-01  -8.5548503e-03   1.3292763e-02  -1.4058429e-01   4.9521884e-01   3.3184737e-03  -3.3616131e-02   5.4331590e-02  -3.2382231e-01   5.0479811e-04   1.5560284e-02   3.7706507e-02   2.9118817e-02  -1.2025058e-03   9.9021410e-04  -2.6681836e-03  -7.5792633e-03  -4.0399025e-03   1.0997941e-02
   3.9365250e-03   1.6326467e-04   2.4025598e-03  -3.7968511e-03  -6.8932693e-03  -1.0925876e-03   2.1692567e-03   1.8985279e-02  -1.7232426e-03   9.0052383e-03  -2.3863687e-02  -2.3091118e-03   3.7209870e-02  -2.2167674e-02   6.6415210e-04  -2.7476016e-01   7.8279948e-02   2.9637924e-02  -4.8507140e-02   4.7725720e-01  -2.3779038e-01  -1.2378122e-02  -7.3529193e-03  -2.9827193e-02   3.9706057e-03  -5.1947427e-04   3.0193959e-03   5.2067985e-03
   2.5612138e-02   1.4263824e-03  -1.1506212e-02  -3.2486634e-04  -2.2905379e-01  -2.6817156e-03   5.0006121e-03  -2.4417809e-02   5.2619571e-01  -4.8543932e-03   6.0783179e-03   3.3920226e-03  -5.8682991e-01  -2.8087912e-02   1.0276671e-03   2.9578297e-02   3.4826835e-01   6.3919206e-02   1.1586847e-03  -2.4702682e-02  -6.6782798e-02  -3.8244498e-02   3.3842691e-04   2.3710055e-03  -1.8367049e-04   6.9578626e-03  -1.6539309e-03   8.5334326e-03
  -2.6093974e-02   7.7383505e-04  -9.6840957e-03   1.8577997e-01  -4.8862214e-02   3.6738938e-04  -4.4509924e-03  -1.5972130e-01   2.5760508e-02  -4.9406299e-04  -2.3569718e-03   8.2102552e-03   1.6545034e-02   7.5714083e-03   8.3994012e-04   3.7325971e-02  -2.0969057e-02  -1.1898351e-02  -1.0103765e-03  -2.8876148e-03  -1.0863114e-02   1.2981768e-02   5.2721329e-04   6.1754442e-04  -9.1412519e-04   2.1926754e-03  -8.5675483e-04  -4.3377487e-03
   1.7901388e-03   5.3608000e-04  -1.3713138e-03   1.3472466e-03  -8.1927690e-04   2.4293753e-04  -4.6190802e-03  -2.4376620e-03   2.3882560e-03   2.0182329e-03   5.0344997e-03   2.2533446e-03  -1.4249694e-02  -1.7655152e-02   4.8325049e-04   2.2362380e-02   7.4496248e-03   4.2909448e-02  -5.7197461e-03  -2.1905037e-02  -2.0970930e-02  -2.5348239e-02   1.3317180e-02  -1.3557967e-01   3.4343142e-01  -1.8907704e-01  -6.6226930e-04  -2.3175310e-03
   4.3188660e-04   3.4243092e-04  -3.6470315e-04   5.7657825e-04   9.1682322e-03  -1.4649046e-04  -1.3167034e-03  -1.5097377e-03   2.5362223e-02   1.4028630e-02  -7.4878569e-04   3.5253347e-03  -2.9026686e-01  -2.9926110e-02  -6.1160378e-04  -3.7911893e-02   5.9730686e-01  -2.8494429e-02   8.8326937e-04   2.2946102e-02  -3.2446304e-01   1.5502863e-02   3.8593427e-04   4.3444129e-03   5.8050326e-03   1.1751695e-02   2.6707154e-04   6.0347163e-04
  -1.8419619e-03  -7.3204957e-04  -4.1687251e-03   1.1942408e-03   1.6692014e-02   6.8057350e-04  -1.9148943e-03  -6.5531819e-02  -7.2720284e-03  -5.4982026e-03   5.5835127e-03   2.1193943e-01  -2.9712674e-02  -4.4044122e-03  -3.1999754e-04  -2.0326441e-01   1.8083353e-02   2.2691140e-02  -2.6806598e-04   5.9982500e-02   9.3744165e-03  -1.7547528e-02   7.6134104e-04   5.5952311e-04  -1.8131395e-03  -1.6786997e-03  -2.2080320e-03   2.5510074e-04
