  -1.2738198e-01  -1.2690113e-02  -2.6692382e-04   6.4735355e-03   1.0513473e-01  -2.7803154e-03   2.4641022e-03   7.9019541e-02   2.6971864e-03  -2.2838312e-02   1.4839163e-02  -7.4504211e-02  -9.5154530e-02  -1.3084469e-01   5.3503716e-05   1.5264340e-01   1.3857461e-01   3.3817796e-01   7.6301929e-02  -2.1672743e-01   7.3641700e-02  -3.6001985e-01   2.8530567e-02  -3.2466932e-01   4.3690887e-01  -1.8019864e-01   2.0752614e-01   5.5880552e-02
   1.6690876e-02  -4.1330120e-03  -1.0557097e-03   1.6265558e-02  -1.1964207e-01   2.3799186e-03  -1.4644439e-02   3.3218330e-02  -6.6981507e-01   1.7300987e-02   5.0255814e-03  -1.8554919e-01   1.7949502e+00  -2.4241504e-01   6.6213737e-03   9.7878798e-02  -9.5009128e-01   1.9716653e-01  -5.9610688e-02   1.4883700e-01   1.3372160e-01   5.8633973e-02  -6.2393101e-02   2.8978444e-02  -1.4005288e-01   6.0500418e-02  -8.5298700e-03  -1.2932596e-03
  -5.9478874e-02  -1.5464521e-02  -2.3458890e-02  -1.0866498e-01   6.4820068e-02  -6.9018475e-03  -1.5425422e-02  -1.2520353e-01   1.0485752e+00   1.7784896e-02   2.8045392e-03   1.4253778e-02  -9.4171345e-01  -2.0212335e-01   2.5269183e-03   1.5132605e-01   1.2283464e-01   3.2098133e-01   1.7443369e-02  -1.8331122e-01   1.7576259e-01  -1.8909533e-01  -5.5776640e-03   2.4485689e-02  -4.6566915e-02   3.1947680e-02  -3.1689869e-02  -4.6938397e-03
  -7.2696775e-02  -2.7368507e-02   8.1147656e-02   1.7577273e-01   1.7530303e-02   1.9091477e-03   2.8110621e-03   6.8255757e-01  -3.9103561e-01   6.9579337e-02  -1.3792522e-02  -6.2941759e-01   6.7574734e-02   4.4397514e-02   3.8618060e-03   2.7376628e-01  -4.9708310e-02  -1.0653301e-01  -2.4031263e-02  -1.3062348e-01   6.0011172e-02   1.4761660e-01  -9.6470197e-03  -1.7517777e-02   1.5699632e-02  -3.1549448e-02  -1.8302915e-03  -9.7914570e-02
  -2.7144556e-02   2.9486431e-02   1.2613692e-02   2.0678251e-02   6.2202016e-02  -1.1452973e-02   1.2794573e-03   2.7066237e-02   8.1275303e-02  -1.1447192e-01  -2.2341260e-02   8.1099359e-02  -2.2013920e-01  -4.3753698e-02   1.7133401e-02  -2.8997266e-02   1.8384286e-01   1.4163030e-01  -1.1378992e-02  -1.0309276e-01  -1.9027317e-02  -2.7303809e-02  -5.6915157e-02   4.5946035e-02  -1.1819858e-01   8.3576067e-02   5.4679908e-03   2.5099752e-01
   2.3497280e-01   3.1377674e-02  -2.1883641e-02  -2.5212801e-02  -6.6727486e-02   3.6350334e-03  -2.2564062e-02  -7.3135331e-02   9.1696677e-02   2.9222543e-02  -1.9720847e-03   5.2777777e-02  -3.1819593e-03  -5.7213979e-02  -4.2416610e-03   1.8842940e-02  -1.2953519e-01   1.0975228e-01  -2.1031611e-02  -3.9011881e-02   2.4243659e-01  -1.4145080e-01   1.2062810e-03   7.4474478e-02  -1.8938022e-01   1.0210706e-01   2.0012942e-01  -4.1743524e-02
   8.8841621e-03   5.6402072e-03  -3.2793495e-03  -1.3433244e-02  -1.5211448e-01  -2.4713811e-03  -5.0059130e-03  -1.3995489e-02   5.9134585e-01  -1.9754876e-02  -5.7050475e-03   5.6679062e-02  -1.2890947e+00   1.2668270e-02  -4.5386930e-04  -2.1239422e-01   1.4533413e+00  -7.7426599e-02  -2.0398389e-02   9.0559462e-02  -3.2137680e-01   3.5194297e-02  -2.3443233e-02  -2.6651355e-02  -2.3442052e-02  -6.0973760e-04   4.8718359e-03  -2.8599784e-04
   5.2375975e-03  -1.9643927e-03  -8.6249477e-03  -7.4229167e-03  -3.3028090e-02  -1.3659701e-03  -2.4564510e-02  -4.4446643e-03   2.7865165e-02  -2.6349155e-02  -6.6864821e-03   1.5179629e-02   1.8711095e-02   4.7651271e-02   1.7740171e-01  -2.9890999e-02  -5.0753108e-02  -4.6141110e-02  -1.9149534e-02   3.2118467e-02   1.0776077e-01  -1.6745873e-01   1.2813278e-01   2.4143558e-02   3.9548453e-02  -6.1099098e-02  -2.5934921e-03   4.5744994e-02
   1.7556375e-02   6.0411101e-03  -1.3747992e-02  -5.2192108e-02  -3.4595975e-02  -1.6702142e-03  -5.8649359e-03  -2.8395516e-01   1.5247529e-01  -1.8434899e-02  -1.0713479e-02   6.8854539e-01  -2.1223041e-01  -2.4552468e-02  -6.7693425e-04  -2.9796258e-01  -5.5056466e-02   1.1084737e-01  -4.0259671e-02   9.8578759e-02   6.6252964e-02  -1.0227366e-01   2.9140106e-03   2.0074132e-02  -4.0867351e-02   3.2450585e-02   2.1217969e-03  -6.0483369e-03
  -1.2498465e-01   1.8679620e-01  -3.5087645e-04   9.2709500e-04  -1.1258317e-01  -3.7507990e-03  -1.6245768e-02   5.4191557e-02   7.4215713e-02  -2.0148576e-02   4.9328254e-04  -4.8208381e-02   4.3873872e-02   1.1284815e-02  -1.5805903e-03   9.6774474e-03  -7.4449996e-02  -7.5800290e-03  -6.5061685e-03   1.9381414e-02   3.2607021e-02  -7.0183553e-03   2.2138024e-03   4.3409119e-03  -1.5335874e-02   1.0141035e-02   1.1765915e-02   6.4219204e-03
  -8.0512865e-03  -1.4397883e-02  -9.6263952e-03  -4.4584930e-03  -2.3221600e-01   2.4196494e-02   7.5138827e-02  -5.2035646e-02  -9.8154751e-04   3.7618591e-01  -1.9077279e-03   9.5673405e-02  -1.6549253e-02  -1.6043844e-01  -9.2413658e-03  -4.4024679e-02  -6.8108931e-02   7.1951071e-02  -8.7430329e-03   1.0762292e-02   7.2106634e-02  -4.2400489e-02  -1.9328721e-02   1.8566169e-02  -4.1546708e-02   2.7063649e-02  -1.2542228e-02   7.5410023e-02
   3.2836377e-03   8.6243643e-04  -2.0316007e-03  -1.4774090e-03  -9.5630312e-03   5.1421989e-04   1.7125221e-03   5.5071263e-03   1.8028477e-02  -1.5473276e-03   4.3919739e-04  -6.3863069e-03  -6.4209184e-03  -3.3844541e-02  -2.8636388e-02  -1.6641140e-02   2.7604851e-02   8.9307062e-02  -9.5698721e-03   2.8654320e-02   4.0668436e-02  -2.5564439e-01   3.1246758e-01  -4.4895826e-02   1.8386144e-01  -1.9486781e-01   3.8717886e-03   1.9593980e-02
  -3.0375977e-02  -3.3006563e-03   1.8553787e-01  -7.5718193e-02  -2.1940358e-02   7.6095458e-04  -3.4538467e-02  -2.0933027e-02   3.7458535e-02   7.7847026e-03  -2.0191187e-02   6.0434286e-02  -2.1324291e-02   8.2694618e-03  -6.0881096e-03  -3.5699665e-02  -2.0705972e-02  -4.0239761e-03  -1.2897952e-02   9.7668268e-03   3.7652329e-02  -1.4193447e-02   8.0207678e-03   2.1535475e-02  -1.6928537e-02   5.4311915e-03  -1.2724307e-02  -7.3967973e-02
   6.0920846e-04   3.1565632e-03   2.1000059e-03  -1.0094811e-02   7.2075465e-02  -1.6098195e-02  -6.5922866e-03   3.8604034e-03   4.0170679e-02  -2.8988384e-01   7.2583511e-04  -2.3631704e-02  -1.0170260e-01   7.1144281e-01   2.4374329e-03  -1.7274294e-02   4.0611980e-02  -6.5194826e-01  -2.8682109e-02   1.0234745e-01  -6.6524579e-02   2.7695754e-01   6.3777589e-03  -2.2636964e-02   2.4528286e-02  -3.7701247e-02   2.4784667e-03  -1.5517069e-02
   3.5006703e-03   2.3489599e-03  -1.8792750e-02  -2.0514828e-02  -3.5152006e-02   9.0057139e-04  -1.3460361e-02  -5.0971216e-02   4.6997882e-02   5.5323907e-03   2.0195873e-01   7.8285602e-02  -3.3842225e-02   6.7722883e-04  -1.7242295e-03  -6.0495568e-02  -1.9412311e-02   1.4018975e-03  -6.7087670e-02  -3.0402144e-02   5.6613982e-02   1.0184991e-03  -5.8877755e-03   6.0405841e-02  -5.3788997e-02   3.2933339e-02  -3.9663544e-03  -2.3045034e-02
  -7.6042078e-03   4.2421141e-04   1.4934378e-03   5.5327673e-03   5.3770083e-02   8.9815715e-04   6.1677342e-03   1.9016685e-03  -7.2658417e-02   2.3948922e-02   2.4911705e-03   7.5680567e-03   9.9580832e-03  -5.3183497e-02  -3.6015966e-03  -4.9713478e-02   5.3166799e-02   1.4213889e-01  -1.7406989e-02   1.0446241e-01  -5.8319077e-02  -2.3091607e-01  -1.8877624e-02  -5.4044835e-03  -2.3139804e-01   4.5550062e-01   7.5816426e-04   8.5919849e-03
  -6.3933367e-03   1.8401856e-03   2.9799255e-03   9.2474358e-03  -1.5189035e-01   3.4705871e-03   5.0748101e-03   1.9391624e-02   3.1520356e-01   4.5264664e-02  -5.1462803e-04  -1.8668957e-02  -7.1660061e-01  -5.7217681e-02  -8.2597770e-04  -5.6911820e-02   1.3135169e+00   5.6955913e-02  -3.9282078e-03   9.7218147e-02  -9.4194754e-01  -5.7294638e-02   2.3453134e-02  -9.0325934e-03   1.5500454e-01  -3.1720501e-02  -8.0378043e-03  -6.8969609e-03
   1.1679600e-02   2.6922457e-03  -1.7776096e-04  -2.6698575e-03  -3.0995303e-02  -5.9990994e-04  -3.0638576e-03   1.7826198e-02   4.2353825e-02   1.2838478e-03   1.6519149e-04  -5.3941833e-02  -5.1097284e-02   4.4283036e-03   6.6057497e-03   9.3548727e-02   7.9055436e-02  -1.5798066e-02   3.8014368e-01  -2.8966863e-01   1.2778586e-02   2.6558756e-02  -1.3289082e-02  -9.5042161e-02   4.4475592e-02   3.0966084e-02   1.2652557e-02  -1.9648715e-02
   3.2979728e-03  -2.1569079e-03   4.4021462e-04  -7.0904496e-04   1.1663061e-03  -2.5669481e-03  -8.3697572e-03   1.1252384e-02  -3.5303541e-02  -1.0318819e-02  -1.2244870e-03   7.5159160e-04   1.0130882e-01  -1.8791195e-01   2.2045532e-02   2.2539481e-02  -3.3567804e-01   6.4534565e-01   1.1801783e-02  -6.5611363e-02   2.4309966e-01  -4.5893692e-01   5.9652679e-03   2.6440429e-02  -3.8947731e-02   6.5136555e-02  -1.8315667e-03   3.7325830e-03
   5.0644910e-03   4.0171344e-04   3.2861581e-03   5.1549991e-03   7.0416812e-03   1.3460917e-03   2.1736211e-03   1.1167162e-02  -3.8943154e-03   2.5520526e-03   1.8640829e-03  -5.8867620e-03  -8.1362441e-03  -1.2265930e-02   6.2914965e-03  -1.5199499e-03   7.9873951e-02   1.1217045e-02  -3.2091750e-02   4.0397827e-02  -2.6738104e-01   7.2181087e-02  -5.2956991e-03  -1.0161670e-01   6.9759003e-01  -3.6842783e-01   8.3044777e-03   3.5437657e-03
  -4.8191661e-03  -1.2684679e-02  -2.9309550e-03  -2.7261631e-03  -7.9009563e-02   1.8096950e-01  -4.3556259e-04  -4.5070756e-03   6.1353925e-02  -1.7255423e-01  -1.1817932e-04   1.2217202e-02  -2.2069516e-02   9.3855813e-02  -2.0363009e-03  -9.1965944e-03   8.6903122e-03  -7.8289661e-02   8.2736109e-05   1.2649556e-02  -2.5364223e-02   6.6509709e-02  -8.5114993e-03   1.2637397e-03  -6.4175662e-03  -2.6093012e-04  -6.8034558e-04   1.0857005e-02
  -2.2538696e-02  -2.4177136e-02  -1.1731218e-02  -1.7566782e-02  -4.3196521e-02  -2.4347335e-02   2.0630972e-01  -1.6230688e-02   1.1040339e-01  -1.1453103e-01  -7.5755621e-03   3.4819619e-02  -2.8369368e-02   7.3624817e-02  -9.9411865e-03  -2.8913534e-02  -2.9873750e-02  -7.4611957e-02  -1.9199809e-02   2.9303228e-02   8.9375851e-03   7.4524108e-02  -1.7190026e-02   2.9389101e-02  -3.7712199e-02   1.5919504e-02  -1.2940453e-02   7.1723524e-02
   1.2452783e-03   9.1638849e-04   3.2950930e-03   3.6558728e-03   3.6167050e-02  -1.0609970e-03   1.2670967e-03   1.9633943e-02  -1.9929006e-02  -2.1550947e-03   1.5764845e-03  -3.1854520e-02  -4.5717363e-02  -1.2282598e-02   3.7068657e-03   6.8876460e-02   6.4404198e-02   4.7203767e-02  -5.0803454e-02  -1.0538051e-01   1.5466977e-02  -4.9427401e-02  -3.9410843e-03   5.3318640e-01  -6.0397196e-01   2.1846011e-01   7.6880129e-03  -4.5392919e-03
  -3.2722927e-02  -7.0556909e-03  -7.9700359e-03  -3.9117211e-02   6.0286101e-01  -7.6194841e-04   3.7521790e-03  -7.4703743e-02  -7.7109837e-01   2.9795771e-02   3.5574810e-03   8.8990988e-02   3.0600706e-01  -4.6324163e-02  -1.3558557e-03  -6.7508602e-02   8.6275925e-02   3.9735818e-02  -1.1487901e-02   7.8822917e-02  -1.4817180e-01  -2.7998272e-03  -4.9030662e-03  -9.7672197e-03   8.4610623e-03  -3.5905943e-04   1.2708920e-03   8.8925544e-03
   2.3647385e-03   1.7536177e-03  -6.3887431e-03  -1.6068747e-02   1.8549012e-03  -5.4812278e-04  -2.9251064e-03   4.8963689e-02   4.8677210e-03   1.2509026e-02   4.5913355e-03  -2.3829481e-01   6.2822169e-02  -1.9876568e-02  -3.3551530e-03   5.9013396e-01  -2.7276624e-01   2.0141730e-02  -8.3666023e-03  -3.3951187e-01   1.2170991e-01  -8.8798774e-04  -1.0296531e-03   2.7252969e-02   7.3059234e-03  -1.6279542e-03  -3.6682045e-04  -1.1972801e-03
   7.4020960e-03   2.7042912e-03  -4.8747855e-04   1.8112032e-03  -3.3314965e-02  -4.9257111e-03  -7.5883043e-03  -1.6284622e-03   5.1880007e-02  -4.4443906e-02  -6.2090468e-04  -3.6362093e-02  -8.2613656e-02   1.0641543e-01   1.8898988e-02   1.4217514e-01   2.8478093e-01  -3.8995756e-01   1.8181748e-02  -1.3218166e-01  -5.1430725e-01   7.5296964e-01  -1.0477602e-01  -3.9014629e-02   1.2228323e-01  -1.0965924e-01   2.1644767e-03   2.9458512e-03
   7.9459172e-03   3.9202108e-03  -7.8683905e-04   1.6788459e-03  -2.8937533e-02   2.7237325e-04  -4.8145328e-03  -8.6890683e-03  -2.9692812e-03  -1.3152884e-03   1.7973475e-03   6.8073815e-02   1.5573786e-02  -3.0444809e-03   1.3915147e-03  -3.4840187e-01   1.3349576e-01  -1.0898772e-02  -8.9296591e-02   5.9813051e-01  -3.6120566e-01   7.8881932e-02  -8.1669132e-03  -4.9844974e-02  -6.7500807e-03   9.7410673e-03   3.9531824e-03  -1.0480824e-03
  -1.9860338e-02  -1.9602675e-03   7.4746360e-03   1.6780508e-01  -5.7750886e-02  -1.8220717e-04  -4.0353526e-03  -2.4638838e-01   8.9256311e-02   2.7879119e-03  -1.5029453e-03   1.6948286e-01  -6.2204127e-02  -4.5354790e-03  -1.0725709e-03  -7.1645036e-02   1.4106544e-02   1.3288934e-02  -7.9280026e-03   3.7573320e-02   7.4744374e-04  -1.6386537e-02   2.6457404e-03   1.1146672e-02  -1.7412253e-02   7.3353467e-03  -1.3563247e-03  -1.1731957e-02
