  -1.5206767e-01  -5.6163254e-02   7.2866199e-02  -1.2368614e-01   4.4630632e-02  -3.4109620e-02   1.7565637e-02   2.1964899e-01   1.9972278e-01  -7.7216418e-02   1.2517068e-02  -1.4180487e-01  -9.7445328e-02   7.5739990e-02   1.8695860e-02   1.2839052e-01  -1.0159607e-01   6.4007216e-02  -4.6662199e-02  -7.4660884e-02   7.9784853e-02  -1.1830549e-01  -7.4924578e-03  -1.7231855e-01   3.2500224e-01  -1.3689460e-01   1.7442565e-01  -1.5688979e-02
  -1.8213857e-02  -2.7176031e-03  -1.1729645e-01  -1.4763533e-01  -3.9616679e-02  -1.4507075e-04  -9.4756694e-02   1.2772378e+00  -5.0053940e-01  -9.5124947e-02   1.0402009e-02   3.5303630e-02   7.8498493e-01   1.4687736e-01   1.0082770e-02  -3.8196734e-01  -1.4118431e+00   2.7504493e-01  -8.9223046e-02   2.1549793e-01   5.8344445e-01  -9.7325921e-02  -5.5268956e-03   1.6420146e-01  -3.6188916e-01   1.5474581e-01   1.0923398e-02  -1.3759561e-01
   1.5896279e-02   1.5509717e-03   1.0498323e-01   4.6494228e-02  -2.0493522e-02   2.3609222e-03  -2.5859182e-02  -4.9120106e-01  -2.7174612e-01  -6.7068511e-02   3.1150141e-03  -1.1154262e-01   1.0988954e+00   9.3061617e-02   6.5768025e-04   3.3229512e-01  -1.3142166e-01  -4.4086101e-01  -2.1028361e-02  -8.0222447e-02  -3.8361362e-01   4.3352461e-01  -1.3613169e-02  -5.5592080e-02   1.4303765e-01  -8.6788572e-02   2.1691073e-03   1.1834608e-02
  -7.5617749e-02   1.7463404e-01  -2.3770120e-02  -2.4305412e-02  -2.6508145e-02  -1.3615384e-02  -1.1691946e-01   8.8404505e-02   2.0987512e-02  -7.2992964e-03   3.9999409e-03  -2.6546715e-02  -5.3775529e-03   3.6377195e-02   1.3366167e-03   2.0561737e-02  -1.4240215e-03  -1.1609784e-02  -1.0022149e-03  -3.4392301e-02  -2.2354705e-02   1.9287549e-02  -7.4416351e-03  -8.0564342e-03   3.6292966e-02  -1.4297971e-02   4.8400247e-02   4.6649951e-03
   7.1847653e-04  -4.8357487e-04   3.4952452e-02  -3.8102050e-03  -1.1120177e-02  -2.7066274e-04  -6.1321200e-03   4.1162624e-02  -4.6661492e-02  -2.1641015e-02   2.6060058e-03  -5.3629758e-02   2.3955434e-01   1.3991989e-01   1.7344309e-04  -4.3792482e-02  -6.6522351e-01  -3.1005887e-01  -5.6145157e-02   4.0600360e-02   7.4291076e-01   1.4859004e-01  -3.3099033e-02  -2.0996797e-01   2.8896089e-01  -1.7897825e-01   5.4077878e-03  -6.0814073e-03
  -2.9183323e-03   1.4897740e-03   1.7901907e-03   6.1068363e-03   2.4353206e-02  -3.2099134e-02  -2.7431559e-02  -5.7937543e-01   1.2366956e+00  -1.2667248e-01   1.4128431e-04   6.3317684e-02  -1.2043959e+00   1.8487745e-02   8.8496857e-04   1.4034773e-01   6.2317867e-01   1.8070538e-02  -3.3791576e-02   1.1732958e-01  -2.7026881e-01   5.2311461e-02   4.5125644e-03  -1.9909587e-02   2.0602684e-02  -1.5885900e-02   8.1626309e-03   2.4936206e-02
  -5.8363485e-02  -6.9222612e-03   4.3573829e-01   1.5337148e-02  -4.6745633e-02  -1.3385446e-04   2.9065956e-02  -2.7317656e-01   1.5390579e-01  -2.0462411e-02  -1.6775773e-02   6.6308621e-03  -1.1208675e-01   2.3467535e-02   3.9542021e-03   8.0467411e-02   3.3447639e-02   7.1941002e-03  -4.3645028e-02  -5.7284123e-02   6.3577672e-02  -3.0590955e-02   6.0314907e-02   1.0078057e-01  -1.1715107e-01   2.6451038e-02   2.3664691e-02   5.6878442e-02
  -2.4117302e-02  -6.6438768e-03   3.5493905e-02   5.5140199e-03  -2.6968893e-02   9.7170198e-03   2.0173576e-01  -1.3508158e-01  -1.1597385e-01   1.6089394e-01   1.8495124e-03   4.3264302e-03   1.8612856e-01  -6.4351598e-02  -3.6024027e-03   1.3352976e-01  -2.6656307e-01  -7.6405378e-02  -2.3705185e-03  -4.2520769e-03   1.0882907e-01   6.3036465e-02  -5.2082410e-02   5.3971574e-02  -1.2139955e-01   6.1753910e-02   2.2799183e-02  -1.7751508e-01
  -1.9596714e-02  -2.6472547e-04  -1.6044125e-02  -2.5084440e-02   8.3415442e-02  -1.9241463e-03   1.9529611e-02   2.3862572e-01  -9.2479730e-02   7.7691857e-02  -4.1499431e-03   5.3962875e-02  -9.0754119e-01  -2.3857743e-02  -2.7869873e-03  -2.5054903e-01   1.5414476e+00  -1.3452732e-01   2.9252605e-02  -6.4972285e-02  -3.8269834e-01  -5.8799615e-02   2.3639090e-02   1.6620513e-01  -2.7615296e-01   1.2820857e-01   4.4589322e-03  -2.0864166e-02
  -9.8351182e-03   2.1646259e-02   6.6779177e-02  -9.2149021e-03  -3.2442639e-02   1.7761135e-01  -1.7261405e-01  -3.2523182e-02  -1.0373344e-01   6.0287183e-02   1.3044637e-03   9.8476925e-03   5.9819844e-02  -2.4789007e-02   1.8295256e-03   2.3692777e-02  -3.0447449e-02  -3.3338137e-02   1.6537943e-03  -2.3787076e-02   2.0618572e-02   1.2219915e-02   9.3274453e-03  -7.3445620e-04   4.1024791e-03  -8.4575771e-03   1.3459367e-02  -4.7711630e-02
   1.5979131e-01   9.8972002e-03  -1.2064642e-01  -3.0647203e-02   1.1802392e-02  -5.0330780e-03  -3.7551248e-02   9.8184747e-02   5.5912390e-03  -7.7587450e-03   3.1149708e-03  -3.0004354e-02  -1.0666544e-01   2.1564493e-02   2.5885203e-04   3.5258703e-02   1.2015486e-01   3.6955246e-03   5.6299495e-03  -3.6571375e-02  -4.2626547e-02  -1.1344641e-02   7.2004350e-03   9.6588519e-03   2.3800034e-03   1.6168327e-03   1.3043880e-01  -2.9377511e-03
  -5.1404828e-03   3.7668845e-04  -2.6500209e-02  -4.9721138e-04   3.2530859e-02  -1.1595664e-03  -1.9479630e-02   2.1565245e-02   4.8229007e-02   3.0165450e-02   5.7214880e-03   7.9109878e-03  -2.5614519e-01  -1.3937554e-01   6.8265416e-04   1.5426532e-02   4.1147862e-01   2.2132762e-01  -5.0437838e-02   5.7530555e-02  -3.8682048e-01  -7.2844882e-02   1.7024275e-02  -4.8908913e-01   8.8564719e-01  -3.9831533e-01  -7.3555304e-03   4.0657800e-03
   4.7630608e-03   2.4862608e-03  -5.9076773e-03   1.7779403e-02   1.2684645e-02   4.0379042e-03  -1.2242124e-02  -1.9217060e-01   4.8769804e-02  -3.5876637e-02   9.0686498e-03   2.1164860e-02  -1.2357738e-01  -2.1573165e-03   8.7739504e-04   5.7003311e-01  -2.4369534e-01   2.4781000e-01  -3.8766418e-02  -2.4302623e-01   8.9328874e-02  -1.1878953e-01  -6.2184203e-03   3.3651255e-02  -4.4442783e-02   2.9267632e-02  -5.4077737e-04   1.5934216e-03
  -3.9913654e-03  -2.2013535e-03   3.5426578e-02  -4.3444908e-03   1.2263013e-02   4.5015740e-05   1.2672389e-02  -2.2141200e-03  -5.8418226e-03   1.3138300e-02   1.5785088e-03   9.9286040e-03  -5.5801466e-02  -5.8491938e-02   3.7485581e-04   5.1365444e-02   2.0615052e-01   7.2352053e-02   8.5474150e-03  -1.4211976e-01  -2.7903413e-01   3.8901673e-02   4.2027213e-02   1.8333609e-01   3.1618600e-01  -2.3668182e-01   6.1257645e-03  -8.3864602e-03
   3.6520150e-03   9.6014183e-04   1.5889171e-02   9.8160919e-03   1.3774239e-03   2.4381153e-03  -4.5805159e-02   1.4322799e-02   2.7563667e-02  -1.5156716e-01  -4.2322329e-03  -3.4993730e-02  -2.8149318e-02   1.9037440e-01   8.7000519e-03  -1.6016096e-01  -1.9478707e-01   4.4564687e-01   1.6751294e-02   6.3300133e-02   2.1584688e-01  -4.1831517e-01  -3.3134598e-03   3.3239992e-02  -8.1302260e-02   7.5498017e-02  -1.8403072e-03   1.0545272e-02
  -1.4151154e-03  -6.4557816e-04   5.1313906e-03  -5.5218569e-03   4.8015593e-03   3.0431581e-03   5.4872090e-03   3.9673350e-02  -2.4685409e-03   3.0271647e-02   4.5891932e-04   2.6658997e-02  -1.2618995e-01  -1.4356590e-01   3.4301314e-03  -2.8595182e-02   2.6483596e-01  -8.3112724e-02   2.3943339e-02  -5.8036764e-02  -4.2242705e-01   6.5481700e-01  -1.5854935e-01  -1.2265322e-02   6.1624669e-02  -8.4842431e-02   1.2228297e-04   9.0802285e-03
  -1.1491293e-03  -3.3908390e-04   2.0114458e-02  -2.1978300e-03  -7.9481244e-03   5.7147995e-04   1.0792465e-02  -9.5809812e-03   1.9176875e-02   1.0742616e-02   1.5519304e-03   1.0853839e-02  -4.5825239e-02  -5.4102929e-02  -4.2091783e-04  -1.0506632e-02   9.9157942e-02   1.6707821e-01   1.3704831e-02   5.0932262e-02  -1.3431039e-01  -1.9671704e-01  -5.5132297e-02  -8.2580806e-02  -5.6196783e-02   3.7625100e-01   2.2132949e-03  -1.9573850e-03
   1.0428318e-03  -1.1031122e-03   1.1522320e-03  -2.2639000e-03  -1.0268402e-02  -1.0050919e-03   9.1225848e-03   1.4810870e-02  -6.0462553e-03  -5.5006775e-04   2.1243596e-03  -1.0985125e-02   2.8565197e-02  -1.5715164e-02  -8.1548116e-03   2.3904346e-03  -1.2868288e-03   3.9941066e-02  -4.5788986e-02   3.2342774e-02   6.2600591e-02  -2.7917676e-01   4.1460749e-01  -5.3684141e-02   2.2481511e-01  -2.4708064e-01   2.4934557e-03   3.2028380e-02
   5.6925386e-03   2.4066852e-03  -4.5799209e-02   8.1500862e-03  -2.5510166e-03  -8.4704468e-04  -2.2899244e-02  -3.3179233e-02   1.0254451e-02   2.8726152e-03   1.9719124e-01  -2.9474880e-03   6.0770642e-03   1.3981784e-03  -1.2194371e-02  -4.5941707e-02   1.2765144e-02  -1.1318790e-02  -8.5850435e-02  -2.1376199e-03   2.6130815e-02  -1.9310759e-02   3.4821207e-02   6.2606564e-02  -3.8396498e-02   4.3798348e-03  -2.7417170e-03  -3.8956732e-02
   3.2849259e-03  -2.3610599e-03  -2.3335792e-01  -2.8660531e-03  -6.0780915e-04   7.5657602e-03   2.0865465e-01   3.3036868e-02  -8.5075301e-02   8.6833633e-02   9.0778351e-04   3.4459416e-03   4.3072395e-02  -1.0634566e-02   6.0006841e-03   9.4637625e-03  -2.3268943e-02  -4.5939907e-02  -8.3905752e-03  -3.1813842e-02   1.8158058e-02   2.5890355e-02   2.3150030e-02   3.8598714e-03   5.5716108e-03  -1.4646498e-02  -4.8892974e-03   2.6846921e-01
   4.3321612e-03   2.8017023e-03  -3.8623147e-02   3.7647759e-03   5.8981154e-04   1.6979243e-03  -3.2404851e-02  -1.5261105e-03   6.5151511e-03  -3.5526719e-02  -1.2398186e-02   4.2664567e-03   1.0182798e-02   1.8707501e-02   1.9058701e-01  -7.2866816e-03   8.0030775e-03  -8.2238414e-02   1.3743032e-02  -1.0062541e-02   2.2720632e-02   9.0994517e-03  -4.8984698e-02   2.2438851e-02  -3.8889675e-02   4.1828920e-02  -5.9489425e-03   5.5474778e-02
   2.2503824e-04   5.8663336e-04  -2.3649035e-02   5.1556425e-04  -6.9171967e-03   1.1497468e-03  -2.4008744e-03   9.7396299e-03   2.4656236e-02  -1.5017022e-02   1.2504704e-02  -6.5229125e-03  -3.1482407e-02   2.9286235e-02  -1.1075615e-03   2.5177237e-02  -1.0982450e-02  -2.3420838e-02  -3.2842300e-01   1.3099411e-01  -2.1344523e-02   4.0295638e-02  -5.9317800e-02   2.3446164e-01  -2.2814104e-01   7.8634772e-02  -7.7402460e-03   3.0784302e-02
  -1.5566546e-02  -2.4382283e-03  -4.3933606e-02   2.4558461e-01  -3.2675239e-02  -2.2448352e-03   1.7786177e-03  -2.2007374e-01  -1.1095956e-02   5.9792639e-03   2.0790596e-03   1.6540428e-02   4.3952775e-02  -1.5632259e-03   8.6960110e-04   5.3023697e-02  -2.8260163e-02  -1.2807999e-02  -5.7945033e-03  -3.1141218e-03  -1.2447987e-02   2.4359129e-02  -3.9178286e-03  -5.7332448e-03   7.0554905e-03  -6.7060474e-03   2.6352440e-03   7.4563756e-03
  -1.4547778e-03   1.1419266e-03   1.1482163e-03  -3.4965506e-03   1.8277863e-02   1.8678079e-03   7.0135511e-03   4.2093374e-02  -1.0132616e-01   2.4711674e-02   2.1674291e-04  -4.7465500e-03   6.4454575e-02  -5.4163330e-02   3.3509277e-04  -2.7942005e-01   1.1407945e-01   6.2015747e-02  -8.9472596e-02   5.1133698e-01  -2.8240571e-01  -6.4341739e-03  -4.2899357e-03  -7.1921551e-02   4.5607281e-02  -3.1992651e-03   7.6022029e-04   7.6992107e-03
   3.2431423e-03   3.7939810e-03   3.5121298e-02   6.2814592e-03  -4.6110004e-03  -6.3873982e-02  -6.8349152e-02  -3.6278427e-02  -7.3218224e-02   2.7317388e-01  -2.7695651e-04   1.3761694e-02   1.3051595e-02  -9.2947550e-02   1.7171034e-03   1.1831533e-02  -1.3664845e-03  -5.2053524e-02  -2.6019095e-05  -1.0641793e-02   9.3159325e-03   3.0881520e-02   6.1862444e-04  -1.8546201e-03   4.8345258e-03  -6.7988951e-03  -9.9443069e-04  -2.1502853e-02
  -6.5523258e-03  -7.4679546e-04   4.6476154e-03  -2.1520211e-02   2.3363038e-01  -7.1931134e-03  -2.2021927e-02  -3.0731653e-02  -3.0094543e-01  -4.3993833e-03   1.1091147e-04   3.9615137e-02   1.7694555e-01   1.9486341e-02  -4.6770124e-04  -7.2615393e-03  -6.7409134e-02  -3.1183079e-02  -3.0999158e-03  -1.1006122e-02   1.1290673e-02   2.2306664e-02   8.5290134e-04  -5.6183298e-03   1.5855830e-02  -1.0796926e-02   5.5143169e-03  -3.5457473e-03
   1.1102834e-03   2.0788566e-04   4.2701362e-04   9.8950360e-03   3.1082632e-03  -2.5555911e-05  -3.0227775e-03  -1.1700538e-01   8.2198930e-03   8.7282338e-04  -5.2982458e-04   2.5897000e-01  -2.3830742e-02  -9.5214226e-03   1.4970964e-04  -2.4725828e-01   2.2298566e-02   1.8675418e-02   1.1712096e-03   9.7240784e-02  -4.1632747e-03  -5.7608094e-03  -6.1219522e-03  -6.7787279e-03  -3.1508071e-03   1.9747320e-03   8.6169996e-05  -3.0532839e-03
  -7.8794569e-05  -1.5645222e-04   7.7117138e-03   1.2759425e-03   4.4191045e-03   3.8971070e-03  -8.8367120e-03   5.9604411e-03   3.4833935e-03  -8.7002526e-02   6.3937925e-04  -2.4705467e-02  -5.2868196e-02   2.7275465e-01   4.1622057e-04   2.3385258e-02   9.8013449e-02  -3.4611887e-01  -1.5971153e-03   8.6407957e-03  -7.2355950e-02   1.8129045e-01  -5.4889457e-03  -1.0671170e-02   1.8285310e-02  -2.0298353e-02   6.4281511e-04  -9.1121889e-03
