  -2.7652677e-01  -2.0094908e-02   3.6436093e-02   2.2796897e-01  -8.8722333e-03   1.4544672e-02   3.1954037e-02   2.5296499e-02   2.3750666e-02   2.5321585e-02   2.6540518e-02  -3.7254589e-02  -4.0422008e-02  -3.8113850e-02   5.9843305e-03  -2.3472717e-02   2.5304491e-02   2.3957007e-03  -1.1971043e-02   6.0886373e-02  -4.8481151e-02   4.9719714e-02  -2.3754180e-02  -1.0903975e-01   1.8813083e-01  -9.0935110e-02   1.5891172e-01   8.8031514e-05
  -8.8723456e-02   3.0965050e-04   3.2374560e-02   2.9654471e-02   3.3328032e-02  -2.8816474e-03   1.5469280e-02  -2.0513573e-02   7.8894933e-01  -4.4669241e-02   4.8573890e-02  -1.9350713e-01  -1.5628348e-01  -9.0409604e-02  -2.8743421e-03   6.3023157e-01  -6.7171761e-01   1.6742221e-01   5.4269168e-02  -4.5243368e-01   4.1754600e-01  -2.5545711e-01   1.8145453e-01   3.0422931e-01  -1.9066929e-01   1.3453568e-01   1.7887413e-02  -3.1327959e-02
   1.4359222e-04   4.0154892e-03   7.8016258e-03  -4.2577092e-02  -2.9472744e-02   2.2977508e-03   1.3832502e-02   1.1591844e-01   4.0976428e-02   4.3854344e-02  -2.3248672e-03  -4.9650951e-02  -5.1861222e-01  -8.3335905e-02  -9.4017980e-03  -3.7332152e-01   1.5490192e+00  -1.0451822e-01   2.0870846e-02   2.0353071e-01  -7.4809032e-01   2.6732467e-02   1.3840034e-02   6.3570980e-02  -1.3787434e-01   1.0054572e-01   2.9846608e-03  -1.1929651e-02
  -3.0807662e-03   2.9420802e-03   6.0590924e-03  -2.6228903e-02   1.1693177e-02   1.0066117e-03   9.9720924e-03   5.9806590e-02   8.0529287e-02   2.5678771e-02  -3.6538971e-03   1.9839313e-02   1.7372864e-02  -2.4484701e-02  -3.4064279e-03  -2.0880853e-01  -5.9548328e-01  -1.0562609e-02   6.3233170e-02  -1.3864383e-01   1.0023592e+00  -1.7376708e-01   6.1671270e-02  -2.5218649e-02  -5.3894128e-02  -3.8427801e-02   8.0625824e-03  -7.5225092e-04
   6.8070087e-03  -4.3790661e-03   6.6867042e-03  -1.0149459e-02  -8.7332530e-03   2.2211801e-03  -8.4218559e-05   1.4381386e-02  -1.1721640e-02   7.0299055e-05  -1.5846657e-02   2.9209878e-03  -6.2587474e-03   1.3095869e-03   8.3205881e-04  -1.0916668e-01   1.1480345e-01  -4.4478305e-02   2.4467904e-02   1.1584986e-01  -1.7775337e-01   7.7592026e-02   3.0280951e-02   5.5474204e-01  -6.2356615e-01   2.6807320e-01   2.0573800e-03  -1.7094134e-02
   5.4852159e-03   2.4949208e-02  -3.7066136e-02  -8.4525401e-03  -6.0350392e-03   4.5214250e-03  -1.1833955e-02  -1.2443279e-02   1.0791361e-01  -4.6876521e-02  -3.1176133e-02   7.9289429e-02  -1.0241663e-01  -2.0743592e-02  -2.9383928e-03  -7.1115348e-02   8.8600811e-02  -3.8881540e-02  -4.1210718e-02  -2.7950791e-03  -6.1332022e-02   1.1670861e-01   5.1499512e-02   2.2562732e-02   1.8314988e-02  -6.7573400e-02   2.3586183e-02   2.8541899e-01
   2.6948978e-02   4.4728195e-03  -2.0887769e-02  -1.5075810e-02  -9.7202015e-03   5.3793986e-03   1.9610946e-03  -1.3086230e-01   4.2383070e-02   8.5290140e-03   2.9674478e-03  -9.5909099e-02  -1.7105474e-01   8.8374682e-03  -5.9913273e-03   8.2645626e-01   3.0072101e-02  -4.7086031e-02   6.6152200e-04  -5.1763208e-01   4.4322610e-02  -2.4519482e-03   7.8612465e-02   1.0294190e-01  -3.3592623e-02  -2.2939634e-02   1.0123836e-02  -1.2179921e-03
  -7.6456414e-03   2.3914022e-03  -7.7806146e-03  -1.6921973e-02   2.1328694e-03   2.8302483e-03  -3.9194089e-04  -1.8337739e-02   5.4662698e-02  -4.8635192e-03  -2.8647853e-03  -4.0867029e-03  -6.6232891e-02   3.4756667e-02  -2.0677160e-03   9.0353513e-02   1.3411359e-01  -3.9856299e-01   1.3791868e-02  -7.4914608e-02  -3.9574936e-01   8.8214922e-01  -2.2349372e-02   1.3443506e-02   1.8369627e-01  -4.1086478e-01  -7.5466533e-03   1.6384924e-02
  -4.2078663e-03  -1.1020316e-03   7.7365275e-04  -3.3138657e-03  -9.9852638e-04  -1.8730199e-03   4.6365418e-03  -6.8314679e-03   2.2507517e-02   1.3952856e-02   1.3741674e-02   1.2114468e-03  -5.8569281e-02  -3.7066214e-02   1.0702015e-03   1.0008974e-02   1.5111667e-01   5.3287185e-02   3.9913011e-02   2.7847379e-02  -2.0085421e-01  -4.2060683e-02  -1.0056030e-01  -1.5176293e-01  -9.3052512e-02   4.5064370e-01  -6.6813115e-03  -1.2357720e-02
   3.0617610e-01   9.1393409e-04  -3.0826611e-02   1.3405079e-03  -5.6491102e-03   5.5755158e-03  -9.2482964e-03  -9.9772517e-02  -4.6765420e-02   2.7225154e-03  -3.6579042e-02   5.9002319e-02   2.3791756e-02  -1.2820993e-02  -4.6371195e-03   4.0280443e-02  -2.0503307e-02   2.6832415e-02   4.7981747e-02  -1.0520319e-01   8.8925058e-02  -7.9921010e-02   9.5538519e-02   8.9825541e-02  -9.0004230e-02   3.6019741e-02   2.1013222e-01  -2.4626903e-03
   9.7862256e-03   1.0839827e-03  -6.0656641e-03  -1.1495697e-02   4.5676613e-03  -1.3672486e-03  -1.5079065e-02  -1.6071208e-02   3.9936379e-02   1.5876341e-02  -9.2839525e-03   3.4163359e-02  -1.8998488e-02  -2.7157189e-01  -2.0146663e-02  -8.9661232e-02  -1.4447012e-01   8.7424178e-01   2.7361951e-02   3.2322467e-02   1.4044061e-01  -6.1215307e-01   2.2731993e-02  -2.0066675e-03  -3.4144393e-02   1.1393991e-01   3.3601492e-03   2.6776829e-02
  -1.2807936e-01  -6.1489410e-03   1.0234101e-01   2.1758360e-02   7.4134054e-04  -5.5289447e-03  -5.2024513e-03   6.7922999e-01  -3.6244741e-01   1.5378160e-02  -4.1458926e-02  -4.8782066e-01   1.1825478e-01   2.2794854e-02  -3.5907922e-03   1.7457156e-01   3.3366484e-02  -3.3950720e-02   4.0607828e-03  -9.4534659e-02  -1.8233342e-02   2.6315544e-02   9.2872009e-03   3.4861921e-02   1.1395116e-02  -8.1771088e-03  -3.1615313e-02  -4.7709512e-02
   2.7570124e-02  -9.3089181e-05  -3.4031682e-03   1.2461149e-02   1.8956891e-02   7.4189553e-03   1.3848659e-03  -8.7930245e-03  -4.9048442e-01   1.6411353e-02   5.2307594e-03  -1.1456108e-02   9.6864332e-01  -3.7088732e-02   1.5312609e-04   1.6534060e-02  -7.6620539e-01   6.3878979e-03   2.3769101e-03   3.3495509e-02   2.5891839e-01   2.7358052e-02   1.7413249e-02   5.7848152e-03  -9.4917607e-02   1.8505623e-02   1.4135447e-02  -6.3941323e-06
   1.3929263e-02   3.7784935e-03  -4.4486249e-03  -1.0772171e-02  -3.3115205e-04   3.5491743e-04   2.3160867e-04  -1.6409922e-02  -3.1331021e-03  -8.0500205e-04   6.5810444e-03   7.6628040e-03  -5.3299199e-02   4.5570913e-04  -6.0021924e-04  -2.2202128e-02   2.2649735e-01  -2.4615045e-02   2.0782027e-03   1.2975384e-01  -3.9416657e-01   7.7105024e-02   8.6595097e-02  -2.5589877e-01   8.1015528e-01  -4.2418612e-01   5.5631039e-03  -4.2833635e-04
  -1.8382584e-01   1.9333264e-01  -4.7308087e-04  -6.5931371e-03   1.2301708e-03   3.6950650e-03  -1.1207209e-02   6.6336244e-02  -4.5309873e-02  -1.4861205e-02  -2.3847905e-03  -4.0755269e-02   3.2640327e-02   4.9953880e-03  -1.1052111e-03   1.3339452e-02  -1.5940255e-02  -5.2999854e-03  -4.6772092e-03   7.2119453e-03   1.0984621e-02  -1.1477295e-02   8.9311008e-03  -3.9244494e-03  -2.4758512e-03   5.6149152e-04  -6.8510377e-03   4.8289302e-02
  -6.1399336e-03  -1.0305974e-04   1.1459105e-03   3.4703178e-03  -9.3840756e-03  -7.6910008e-04  -2.5727119e-03   1.5794298e-02   1.5949612e-02   4.1422659e-03   5.4799745e-03  -3.3397177e-03  -6.4698522e-04  -3.0723200e-02  -1.7414581e-02  -2.9560588e-02   1.1355747e-02   7.6353509e-02  -1.6248743e-02   1.0831237e-02   6.0195254e-02  -2.8642173e-01   4.3900766e-01  -3.1137822e-02   1.6574702e-01  -2.3298143e-01   3.9276139e-04   2.7778045e-02
  -7.2335754e-02   3.6373964e-03  -6.4679809e-03  -5.9822522e-03   5.5291772e-03   2.2823084e-01  -4.2946428e-04  -2.6029808e-03  -1.2446162e-01  -9.5519501e-02  -6.0808455e-03   1.7881162e-02   6.7516651e-02   1.6769464e-02  -8.9500828e-04  -1.5732249e-02  -1.7656264e-02  -7.3248636e-03  -4.6617851e-03  -3.6610315e-03   3.1812424e-02  -3.5555734e-02  -7.4144674e-03   9.4287914e-03  -2.9008306e-02   3.2796683e-02  -2.3919810e-02   4.8792889e-02
  -1.0448522e-02   1.1562450e-02  -1.4203023e-02  -1.6666211e-02  -1.1625467e-04  -8.5415950e-03  -2.7515967e-02   1.1171797e-02   1.1433116e-02  -2.9448481e-02  -3.7959198e-02  -5.6802009e-04  -6.4954103e-03   2.5432452e-02   1.9865921e-01  -6.1417456e-03  -2.0067821e-02   4.1941918e-02   2.6828948e-02  -1.0400170e-02   4.7660234e-02  -1.0570264e-01  -5.2460314e-02   1.9855195e-02  -5.1264753e-02   8.4856766e-02  -5.5723986e-03   7.8944265e-02
   3.3440170e-03  -3.1516156e-04  -2.3927646e-03  -3.0029524e-04  -6.5286835e-03  -1.3330329e-03  -2.1950673e-02   3.4808380e-02  -2.2983872e-02  -1.9811737e-01  -1.4639174e-02  -2.3051673e-02  -9.1467530e-02   6.7592335e-01   5.4235969e-03  -1.6668652e-02   7.0877730e-02  -5.5351078e-01  -9.0774640e-03   3.8449725e-02  -5.2110393e-02   2.2206039e-01  -3.3827453e-02   7.7674236e-04  -2.5301964e-03  -1.7667380e-02  -1.3699015e-03   1.8717837e-02
   6.9342108e-03   1.5550288e-03  -4.9951759e-03   1.1267916e-04   1.1010928e-03   1.1772074e-03  -1.2371833e-03  -3.4345441e-02   4.4332751e-02  -6.3011488e-03  -4.4828366e-03   6.4901129e-02  -4.8862105e-02   4.3359287e-03  -1.2763300e-03  -3.6226137e-01   7.0051811e-02   2.2901403e-02  -8.6796047e-02   6.8635215e-01  -1.6018867e-01  -5.1825149e-02  -9.9550313e-03  -2.5663306e-01   3.9901513e-03   6.3952535e-02   3.7519129e-03   5.1737186e-03
  -5.6346339e-02  -3.1634549e-02  -2.3207528e-02  -2.5360194e-02  -5.3838742e-03  -2.6938706e-02   2.0863066e-01  -1.2758692e-03  -2.7689670e-02   5.0439053e-02  -3.5907972e-02   1.7655624e-02   8.0673793e-03  -3.7306685e-02  -1.9872443e-03  -1.7160246e-02   4.7957828e-03   1.7870550e-02   2.6723188e-03   1.9337769e-02   3.4975936e-03  -3.3414705e-02   7.1329314e-03   1.6450514e-03  -8.0563464e-03   1.6878227e-02  -3.7613115e-02   1.2096567e-01
  -1.4919954e-02   5.2312127e-03  -5.1761292e-03  -8.6744977e-03  -4.3701229e-03  -5.9646700e-02  -2.3914229e-02  -1.2297192e-02  -8.4368513e-02   3.4950997e-01   2.5142984e-03   2.4749239e-02   2.5046943e-02  -2.6634590e-01  -7.1750115e-03  -1.5024402e-02  -2.1685693e-04   1.3310249e-01  -4.0594030e-03  -4.4407905e-05   1.9607260e-02  -8.0807304e-02  -1.8401791e-03  -7.7889376e-04  -7.6517520e-03   2.5813539e-02  -9.9017085e-03   2.1437989e-02
  -4.7094976e-03  -5.5595089e-03  -1.3686017e-03  -5.1349605e-02   1.8110491e-01  -8.4557972e-03  -5.0221189e-03   1.1710419e-02  -1.6920686e-01  -1.8249647e-02   5.3679878e-04   5.1647108e-04   8.3922433e-02   1.4594672e-02   2.5682744e-04   2.4805395e-03  -3.1747316e-02  -1.0707427e-02   2.8037305e-04  -8.2845855e-03   1.8169218e-02  -3.7731272e-03   2.7100156e-03   6.8989351e-03  -1.2894887e-02   5.7967658e-03  -1.7266663e-03   4.1718307e-03
  -5.7838017e-03  -1.5344632e-03  -1.9005179e-02  -1.2995243e-02  -1.0048333e-03  -8.1908225e-04  -1.0962646e-02  -7.4886529e-02  -2.1346366e-02   5.0384019e-03   2.5142337e-01   1.5096649e-01   8.1746553e-03  -4.6240813e-03  -3.6980614e-03  -1.7191287e-01  -1.4344454e-02   3.0189865e-02  -6.5630083e-02  -1.5248073e-04   6.7170388e-02  -6.8241160e-02   4.8254243e-02   7.7329219e-02  -6.5347557e-02   2.7842189e-02  -1.2921605e-02  -4.3869429e-02
  -5.7006822e-02   4.0242768e-03   1.8676006e-01  -1.0905359e-01  -1.0495073e-03   8.1327213e-04  -1.4216472e-02  -1.2343907e-02   5.0504833e-02   7.8503394e-03  -4.4425130e-02   2.9832399e-02  -1.2225066e-02  -2.0141442e-02  -5.9648552e-03  -9.1560861e-03  -7.2958265e-03   2.1523105e-02   1.0926143e-02   1.4173052e-02   1.2272626e-03  -1.2375755e-02   6.2518930e-03  -2.5553925e-03  -5.5830253e-03   7.4616374e-03  -1.0268407e-02  -3.6433154e-02
   1.2888589e-02   6.7267292e-04  -8.8477216e-03  -1.4487650e-02   7.5318544e-04   2.6932539e-04  -2.9755376e-04  -1.6451088e-01  -5.5718480e-03   1.3303792e-02  -3.0318106e-02   5.1518825e-01  -6.0778817e-02  -2.4189822e-02  -7.8913923e-04  -4.1312034e-01   3.9386577e-02   2.5033432e-02  -3.5896434e-03   1.5655749e-01  -9.8965594e-03  -8.7696777e-03  -7.1439064e-03  -2.4046807e-02  -8.4786184e-03   9.6681396e-03   3.6864493e-03  -7.9949420e-04
   8.7606740e-03   6.9279238e-04   2.0047065e-03   2.1887507e-04   8.3514924e-04   4.7852639e-04   4.0062493e-04   4.4326148e-03  -3.6334619e-03   2.3277187e-03  -2.5493988e-02   5.3583050e-03   4.5418631e-04  -5.9565644e-03   9.1735317e-04  -3.3581534e-02   1.0602373e-02   1.5102232e-02   2.6822317e-01  -7.2509709e-02   1.3333269e-02  -2.9300341e-02   3.9182179e-02  -1.8240932e-01   1.4808988e-01  -4.8828497e-02   1.0094303e-02  -1.2883474e-02
  -7.7267843e-02  -1.1443984e-03   2.0268330e-02   3.4029534e-01   3.7036650e-03  -3.3840949e-03  -4.3028203e-03  -4.2273383e-01  -3.2616441e-02  -4.3481970e-03  -1.1633499e-02   2.5623961e-01   1.4006612e-02   5.7963798e-03  -9.5887571e-04  -1.1844756e-01   7.8770241e-03  -6.7603137e-03   5.0430190e-03   3.3619283e-02  -3.4768411e-03   3.7660578e-03  -2.0340780e-04  -3.9490011e-04  -3.8591715e-03   8.2110703e-04  -1.1709601e-02  -7.8861333e-03
