  -8.6298876e-02  -2.2042433e-01  -3.8999112e-02  -2.5212468e-02   3.7691850e-01  -1.2431126e-01   1.5774414e-01   4.9547701e-02  -1.6847719e-01   1.3911328e-01   1.0572988e-01  -3.7238316e-01   1.1330707e-01  -2.8782764e-01  -5.4848218e-02   6.9312001e-01  -2.0447263e-01   3.4206330e-01   2.5824853e-02  -5.1171480e-01   2.6212250e-01  -2.7066640e-01  -8.7427393e-03  -1.3880353e-01   2.7647769e-01  -1.6654561e-01   1.2944660e-01  -3.2253300e-01
  -6.5516543e-03   5.8113565e-02   9.5189675e-02   4.7580080e-03  -3.8583508e-02   6.0720664e-04  -8.3061518e-02  -9.2870904e-02  -3.0105584e-03   9.5447646e-03  -1.7027008e-01   1.1542931e-01   4.8393885e-02   2.1026003e-02   1.2411602e-01  -1.6087761e-01  -4.9700571e-02   1.1493596e-01  -6.1084596e-02   1.0926947e-01   2.3333009e-02  -9.5356046e-02   3.9857100e-02   7.1278477e-03  -2.8654775e-02   2.0391443e-02   2.1831080e-02   4.4933738e-01
   8.5702872e-03   1.3580268e-02  -2.1096703e-02   1.4344118e-02  -2.6576721e-01   3.7374985e-02  -2.2419497e-02  -1.8434825e-01   1.1452849e-01  -1.3798629e-01  -5.5876629e-03  -8.3090028e-03   1.2720326e+00  -3.3803932e-02  -2.3923825e-03  -2.7559198e-02  -1.0479365e+00  -5.3837926e-02  -7.0226332e-02   2.3635748e-01   1.4387497e-01   2.5472601e-01  -3.8667095e-02   5.2363934e-02  -8.2527123e-02  -5.2224877e-03  -2.2452871e-03   5.3471788e-03
   1.1452276e-01   9.7744605e-02   6.3336584e-02  -1.0041134e-02  -6.8704649e-02   6.3273198e-02   4.4316326e-02   1.0569669e-02  -1.2619209e-01  -7.8836083e-02   1.3976304e-02   1.5204868e-01   1.0966003e-01   1.2100321e-01   1.7800433e-02  -1.8114331e-01  -2.1989976e-02  -1.6999904e-01  -1.5276652e-02   1.7643634e-01  -3.3630046e-02   1.1200881e-01  -7.8483377e-03   7.0969957e-02  -1.4406749e-01   8.2976084e-02   1.7799425e-01  -5.4467099e-02
   4.3659351e-02   4.2624393e-02  -2.0801244e-02   1.4037361e-02   1.4729021e-01   5.6208927e-02  -1.1115924e-02  -7.1301703e-01   6.2189224e-02   3.9708698e-04  -6.4166061e-05  -1.1826820e-01   2.0812787e-01  -1.0833040e-01  -1.0096345e-04   5.4445871e-01  -1.4884101e-01   1.2016260e-01   1.2536679e-02  -2.2847852e-01   5.9183644e-02  -1.3440207e-01   2.4468775e-02  -1.9557012e-02   1.8886722e-03   2.6503754e-02   3.7730281e-02   5.6985676e-02
   3.2361477e-03   7.4457754e-03  -4.1616511e-04   5.4798129e-03  -4.1513250e-02   1.8681007e-02   5.9468919e-03  -2.3994837e-01   1.8491142e-02   3.1754763e-02   6.3119202e-03   8.4502048e-01  -1.0639770e-02  -1.3556639e-01   1.0042048e-02  -1.3866815e+00  -1.1833127e-01   3.3155400e-01  -1.2262576e-01   1.1836285e+00  -9.1977562e-02  -2.9057894e-01   3.5824834e-02   2.1769511e-01  -3.8920738e-01   1.6168785e-01   9.1807006e-04   3.8869643e-03
  -9.5788377e-03   4.0544789e-04   1.5124613e-03   7.7390144e-04  -2.4634660e-02  -1.3317547e-02   8.5302367e-03   1.5006697e-01   1.0780503e-01   7.8461679e-02   1.4540471e-03  -4.5392679e-01  -4.5183681e-01  -9.2913940e-02  -3.9696202e-03   6.5151796e-01   3.5153848e-01   1.7963558e-03   5.0674444e-02  -6.0555420e-01   5.0752948e-01  -1.6889323e-01   2.6001757e-03  -5.5329814e-02   3.2706524e-02  -3.8939835e-02  -5.0740755e-03  -2.2928327e-03
  -3.4314968e-02  -1.8276032e-02  -4.7814407e-03   2.7837063e-03   3.6091431e-02  -2.1181673e-01   5.8832707e-02  -1.9617892e-01  -1.8173676e-01   1.0056158e+00  -1.8365093e-02   2.0211121e-01  -1.7300509e-01  -3.8833305e-01  -1.8295313e-03  -1.1512728e-01   1.2965198e-01  -8.5505745e-02  -2.2774278e-02   6.6218927e-02  -2.6091912e-02   6.2225483e-02  -1.1461821e-02   6.0746979e-03  -1.0500436e-02   9.3467481e-03  -2.1855273e-02   1.1270907e-01
   2.1979571e-03   6.9465195e-03  -1.3452081e-03  -5.4901031e-04   4.1786325e-02   1.0284417e-02  -7.1938024e-03  -4.2593540e-02  -7.3262588e-02  -8.5524709e-02   3.4952022e-03   9.0968083e-02   1.0342085e-01   3.3329685e-01   7.4625518e-04  -8.1194071e-02  -3.1916294e-02  -8.7335860e-01   1.0964596e-02   5.6455303e-04  -2.1103104e-01   9.7711004e-01  -8.1372169e-02  -1.0176233e-02  -8.5994731e-04  -7.9947340e-02   1.7000487e-03   3.1717007e-03
   9.8204288e-03   5.5813279e-03  -7.5225640e-03  -1.5414249e-03  -5.9104839e-02   3.7227864e-02  -3.0448977e-02  -2.2866010e-01   9.3635298e-01  -3.0069304e-01  -7.6658198e-03   2.4253120e-01  -1.1743562e+00   1.8286332e-01  -3.7588267e-03  -2.2786098e-01   9.3071637e-01  -1.2418896e-01   4.0738657e-03   1.0226663e-01  -3.7409713e-01   7.2298437e-02  -9.1831707e-05   7.6869232e-03   1.0411035e-02  -2.6269875e-03   1.1774902e-02  -1.4622073e-02
   1.5640482e-03   1.1822741e-03   4.1588876e-03  -2.3021438e-03  -3.6598208e-02  -1.4342395e-02   5.9999090e-03   5.0528835e-02   4.8539929e-02   9.4718486e-02   1.7560039e-02  -9.3327739e-02  -1.0979395e-01  -2.1979656e-01   5.9115677e-03   1.0265549e-01   1.4675355e-01   3.3788921e-01   6.0470442e-03  -4.2726677e-02  -6.4147242e-02  -3.4840491e-01   4.8255913e-02  -3.8173487e-03  -1.3215666e-01   4.0588464e-01   3.0645800e-03   2.9373095e-03
  -2.6448131e-02  -2.8957541e-02  -2.5995274e-02  -2.9648460e-02   8.1100182e-01  -1.3506367e-02  -3.2881965e-02  -1.4962584e-01  -9.7402075e-01  -1.2295651e-01   1.4468706e-02   1.0327540e-01   8.1785717e-01   2.8907682e-02   5.7147558e-03  -4.9548907e-02  -5.2056941e-01   7.3950783e-02   2.5992834e-05   3.2081568e-02   1.9278065e-01  -7.8314940e-02   4.6841745e-03   5.3949650e-04  -3.4557528e-02   2.6064684e-02  -1.2195049e-03   2.4676899e-03
   2.0290389e-03  -1.7465804e-02  -2.6443901e-03   2.0938470e-01  -1.1586905e-01  -3.1258821e-02   1.3487994e-02  -2.9021704e-01   1.2832425e-01   5.4007127e-02   3.2023095e-03   1.5309688e-01  -6.3578920e-02  -2.3507261e-02   5.2596380e-04  -6.2556301e-02   2.6479241e-02  -2.5053952e-03  -2.2378715e-03   3.0800393e-02  -2.3113985e-02   1.6145650e-02  -5.5223082e-03  -8.4897339e-04   4.5189301e-04  -1.6739676e-03  -3.8811013e-03  -3.8927425e-03
  -5.4910380e-03   3.1212080e-03   6.5150317e-03  -3.4181778e-03  -1.3543413e-02  -4.7526712e-03   2.0810492e-03  -8.7844485e-03  -4.6205791e-03   1.9777858e-01   2.8067075e-03   1.3728781e-01   7.2438673e-02  -8.1489421e-01  -2.6055984e-03  -2.6596641e-01  -1.4432096e-01   1.1611138e+00   9.4761608e-03   1.3639825e-01   2.8421167e-03  -4.4962913e-01  -2.1185448e-02   6.3772290e-03   6.7358108e-03   5.8367098e-03  -2.5034455e-04  -1.1036945e-05
   4.2998613e-03   7.3898622e-03   3.6772807e-03  -1.0460538e-03   1.8410063e-02   6.8971818e-03  -8.8024515e-04  -1.3872553e-02  -7.0922964e-03  -3.8226004e-02   7.2091433e-03  -2.1746084e-02  -4.2748188e-02   1.0326933e-01   5.7655476e-03   5.7268165e-02   5.8913507e-02  -1.3886519e-01  -1.8456356e-02  -1.3590189e-02  -1.2002274e-01   1.4976511e-01  -3.1956332e-02  -1.7319475e-01   6.6216717e-01  -3.6764749e-01   8.2583124e-03  -4.4244120e-03
   2.2615150e-04  -5.1366696e-03  -4.8589663e-03   1.3044333e-03   3.4199312e-02   3.8929804e-02  -2.0534938e-02   6.9359301e-03   6.6984181e-02  -4.2291264e-01  -4.1160044e-03  -9.6605939e-02  -1.8450039e-01   9.5607768e-01  -2.2592867e-04   1.1320773e-01  -1.1321953e-01  -4.7420521e-01  -1.7220372e-03  -3.0524082e-02   1.0644776e-01   7.8130501e-02  -8.7116345e-03   3.5021099e-03  -1.8782055e-02   8.2227728e-03  -2.1639239e-03   7.7637644e-03
   1.4009971e-01  -1.4406440e-01  -1.3812814e-02  -5.9523247e-04   4.6213058e-02  -6.9916861e-02   1.7154132e-02  -1.8361374e-02  -5.7226119e-02   1.1076383e-01   5.2219908e-03   3.3325200e-02   2.5397371e-02  -6.4294476e-02  -3.6218457e-03  -3.1662426e-02  -1.8592390e-02   4.4974497e-02   6.2293331e-03  -2.3590443e-03   1.8461187e-02  -2.2622896e-02   1.7490366e-04  -1.7458537e-03   3.0180915e-03  -1.4567595e-03   2.5284177e-03  -3.4661352e-02
  -3.0421482e-03  -5.5588239e-03  -6.8812898e-05  -5.4012658e-03   1.8110946e-02  -9.1386732e-03   2.1526025e-03   2.1406455e-01   4.2609054e-04  -2.7303547e-02   7.5297511e-03  -8.4171098e-01   8.7668995e-02   7.0186975e-02  -1.1835778e-03   1.0128929e+00  -1.4091777e-01  -9.9544909e-02  -4.0321678e-02  -2.3015483e-01  -6.7530658e-02   8.3789743e-02  -4.4517374e-03   6.1464089e-03  -1.8211212e-02   3.1225145e-03  -3.5121419e-03   1.2771690e-03
  -1.9640394e-03  -4.9309746e-03   1.6099534e-05  -3.6541720e-03   2.1035197e-02  -1.0061897e-02   7.7503394e-03   2.1418718e-02  -1.7995460e-02   4.7378461e-02   1.1553818e-02  -6.3007978e-02   8.6921737e-03  -8.7264317e-02  -3.9622473e-02   8.5250809e-02   2.2357333e-02   1.0069580e-01   1.1410563e-02  -5.0155096e-02   7.3365753e-03  -1.7339018e-01   2.5611224e-01  -3.8700230e-02   1.6600178e-01  -1.6868421e-01   1.7635771e-03   4.9938472e-03
  -4.5801162e-03  -5.0494458e-03  -1.9572592e-02   2.7499385e-04   1.0273606e-02  -5.2529479e-03  -1.5416169e-02  -1.4935946e-02   4.0376262e-02  -4.4680470e-02  -3.1545277e-02  -1.9161022e-02  -1.2956778e-02  -2.6197533e-02   2.4920242e-01   2.9834721e-02   4.3161526e-02  -5.5402259e-02   1.5950677e-02  -1.0080708e-03  -1.9892955e-02   1.1248443e-02  -5.4557376e-02   1.1841709e-02   2.7203570e-03   8.4220369e-03  -9.9682585e-03   4.7114312e-02
   3.3191107e-03   1.2345904e-04   6.6295355e-03  -3.4352723e-04   2.0846672e-03  -8.0135369e-03   4.5704171e-03   4.4387426e-04  -5.0813808e-03   2.0238453e-02  -1.2864614e-02  -5.1725423e-02  -4.7930180e-04  -7.2537895e-03   1.1437132e-02   1.3418151e-01   2.5765042e-02  -2.2506346e-02   3.1070966e-01  -3.4356781e-01   9.2099734e-02   2.4163549e-02  -1.2585716e-02   2.3779374e-02  -6.0309452e-02   4.2849780e-02   7.5436047e-03  -8.8908421e-03
  -1.8594937e-02  -4.5378706e-02  -1.7192516e-02   1.6433658e-03   2.4400542e-02  -6.6643804e-03   2.1889767e-01  -5.6519518e-02   2.7068410e-02  -9.7744465e-02  -3.6609626e-02   1.7458410e-02   1.7353656e-02   2.0552290e-02  -1.2770570e-02  -8.6369526e-03  -1.3741946e-02   3.5511714e-03  -6.0096069e-03   2.4230743e-02  -7.6937031e-03   9.6085872e-03   6.5336058e-03   7.1131663e-03  -6.1850252e-03   4.9123462e-03  -1.6221375e-02   1.3135533e-01
  -1.5549820e-03   3.6110725e-03  -1.4343350e-02   6.6064075e-03   8.0183922e-03   5.2150153e-03  -3.7074895e-03  -3.0137097e-01   2.0914132e-02   2.0267456e-02   1.2992378e-03   6.9097084e-01  -1.3267372e-01  -2.8459370e-02   2.5323168e-04  -3.1451637e-01  -5.5158802e-02   3.1555282e-02  -8.3388652e-03   3.9296406e-02   5.2976578e-02  -9.4164376e-04  -1.1057533e-04   7.5325175e-04  -7.9329310e-03   8.7302434e-04  -2.1951382e-03   1.1715538e-03
  -2.8265605e-02  -1.7306787e-02   1.9635086e-01   2.9122582e-03   1.0276723e-02  -9.0065612e-03  -4.6644436e-02  -8.4500919e-02   1.9952977e-02  -1.4407435e-02  -1.8646131e-02   9.4678605e-03   2.5957005e-02  -1.0347228e-02  -2.1187680e-02   1.5533164e-02  -4.0769842e-02   2.5091261e-02   1.1114493e-02  -5.2062141e-04   1.2219076e-02  -3.4604678e-03  -1.5398457e-03   2.6397913e-03   2.9819601e-03  -3.4310858e-04  -1.4663032e-02  -1.1124276e-01
   2.7899584e-03  -1.8337642e-03   1.7902336e-02  -2.1119920e-03   1.5433849e-02  -1.3589117e-03   2.3047740e-02   6.5508615e-02  -4.0124993e-02   4.9373387e-03  -2.3341960e-01  -5.9409241e-02   1.0114924e-02   6.7282467e-03   1.0773848e-02   1.6034696e-01  -2.9414532e-02   2.4121471e-04   8.7512947e-02  -1.0406068e-01   2.4107713e-02  -1.3402025e-02  -1.5319594e-03  -2.9434674e-03  -6.3577039e-03  -5.4209463e-03   5.3743450e-03   3.6237023e-02
  -2.6490964e-03  -2.9997915e-03   1.5076906e-05  -7.3939007e-04   2.9656685e-02  -4.6233429e-03  -1.1387249e-03  -2.3154713e-02  -5.5852648e-02   7.0985875e-03   1.8294445e-03   1.0261681e-01  -2.5588755e-01   7.5952018e-02   1.2122441e-03  -2.2579754e-01   7.1646338e-01  -2.0510100e-01  -1.0600205e-02   1.6365572e-01  -4.7493707e-01   1.6611949e-01  -1.0019638e-02   1.6606607e-02   1.8717567e-03  -6.4706057e-03  -2.8779940e-03   1.8925907e-03
  -4.0570978e-03  -2.1119831e-02   1.7221229e-03   6.8897117e-04  -1.2293318e-01   3.0243973e-01  -8.1211698e-03   8.3416658e-03   8.3667500e-02  -3.1464540e-01  -2.9298963e-03  -1.0681668e-02  -1.6622249e-02   1.2137564e-01  -3.6049469e-04   6.7420957e-03   1.9919239e-02  -4.8061846e-02  -3.2079578e-03   2.0371277e-03  -1.3734170e-02   2.3092826e-02   3.3336634e-04   3.6423584e-03  -5.7851372e-03   2.2176843e-03  -9.4633485e-04   1.1593272e-02
   1.2543453e-04  -1.6902531e-04  -1.2421186e-03  -3.7480690e-04   1.5485399e-03   1.2737266e-03  -1.2745522e-03   3.4017111e-02  -8.4421037e-03  -5.5315778e-04   1.7066434e-02  -1.2454735e-01   2.4352698e-02   9.3901592e-04   1.6059555e-03   2.2173796e-01  -6.4408888e-02   6.5200725e-03  -6.1306541e-02  -1.8733602e-01   9.0743931e-02  -2.4348975e-02   7.9386856e-03   2.6800258e-01  -3.0799031e-01   1.2163525e-01  -2.5206571e-05  -8.8021434e-04
