   3.9140521e-02   2.8673902e-01   5.2725533e-04   7.8238551e-03  -1.5842993e-01  -2.0456296e-02  -6.1403878e-03   3.0293641e-02  -1.4827308e-01  -5.1417426e-02  -8.7419671e-03  -3.7131339e-02   5.7703245e-02   1.8747680e-01  -2.4950073e-02  -1.4742478e-01   3.3678346e-01  -4.3751614e-01  -4.5255729e-02   4.0719191e-01  -5.9970727e-01   5.0764661e-01  -2.1601660e-02  -3.2506811e-01   4.3810199e-01  -7.2851114e-02  -1.0410713e-01   1.0996315e-02
  -2.8546010e-03  -3.4362617e-04   1.0123376e-02   5.7519517e-03  -2.3022495e-01  -2.8110077e-03  -5.0770966e-03  -3.6304266e-03   2.0645752e-01  -2.8717241e-01  -3.2015500e-02  -1.1445365e-01   1.2774535e+00   5.4686346e-01  -3.7604158e-02  -2.7228277e-01  -3.8471666e-01  -1.2670346e+00  -7.9174364e-02   3.2602695e-01  -5.2313759e-02   9.5296159e-01  -4.0773803e-02  -3.4142736e-01  -9.3462983e-02   2.3432537e-02   3.9744901e-03  -1.7963180e-02
  -1.2570587e-03  -3.0483777e-02  -7.5976627e-03  -6.8762508e-04  -2.2601154e-02  -1.1273303e-01   1.8262214e-01  -1.1738624e-03   4.6497370e-04   8.0949303e-02  -1.7139445e-02   2.7404445e-02  -2.7825945e-03   2.6224289e-02  -2.7544264e-02  -7.0178841e-02   3.4032704e-02  -7.8950380e-02   3.4921196e-03   3.1390397e-02  -4.9022319e-03   3.3254846e-02  -1.5231139e-03   2.9061254e-02  -3.2520364e-02   1.1618119e-02  -1.4125738e-02   7.3526156e-02
  -4.1873203e-03   1.7174684e-03   6.2573474e-03   1.3334073e-02  -1.7872586e-02  -5.5783979e-02  -9.5747423e-03   1.3180363e-02   8.4719417e-02  -5.5401978e-02  -2.0733550e-02   6.3124652e-02  -3.9452041e-02  -7.8855392e-02   5.0583457e-02  -4.9908437e-02   2.3185853e-03   1.6140139e-01  -3.1746367e-02   4.7136826e-03   5.1753119e-02  -1.1398947e-01   6.2642899e-02  -3.4000740e-02  -7.8255084e-03   2.2622945e-02  -1.7830204e-03   2.2957509e-01
   1.6452911e-01  -1.8467538e-01   4.2848043e-03   7.2936379e-04   1.8338610e-02   5.7462373e-03  -9.2511560e-04  -7.5715128e-03  -1.3103497e-02   4.6862274e-02  -7.9248084e-04  -1.4385337e-02   1.0863725e-02  -6.3798125e-02  -1.3437661e-03   3.1620340e-02  -1.9784631e-02   7.8081445e-02  -8.6965531e-04  -2.7548248e-02  -4.1078247e-03  -1.4250598e-02  -1.8050817e-02  -2.3291287e-02   4.6046347e-02  -1.1622814e-02   2.1988698e-02  -4.8199739e-02
   4.1482285e-02   1.5338316e-01  -2.2052958e-02  -3.8030956e-04  -8.8690131e-02  -6.2149571e-03  -1.3555323e-03  -3.3706759e-03  -3.6428180e-02  -2.1458120e-02  -8.5911570e-03   4.6976261e-02   2.2873710e-01   5.3057703e-02  -9.3497434e-03  -1.0684065e-01  -1.8831935e-01  -9.8001802e-02  -1.9588562e-02   1.0788026e-01   6.2165240e-02   5.5973956e-02   3.7267774e-03  -2.4435993e-02  -8.5830163e-03  -1.6396472e-02   1.4798921e-01   2.3647147e-02
  -1.7395851e-02  -8.5632073e-02   2.1218374e-02   3.5438675e-03   7.3266452e-01   1.0077556e-02   7.1751444e-03   8.8604102e-02  -1.7247033e-01  -1.0118203e-01  -1.0327612e-02  -1.5495659e-01  -1.0718655e+00   2.2187142e-01  -1.4402499e-02   2.1010736e-01   9.2732760e-01  -3.2340527e-01   2.6946129e-04  -2.0781400e-01  -2.0398138e-01   2.5656533e-01  -5.0281765e-02  -4.6723800e-02   6.5521327e-02  -6.2365482e-02   1.7353016e-02  -1.5716750e-02
   3.0234733e-03   2.1614135e-03   3.8503606e-03   2.2528415e-03   3.0248938e-02   4.6141322e-04   1.4968095e-03   1.8850986e-02   9.0077361e-03   2.9692789e-02   4.8095213e-02  -1.2774881e-01  -4.7576748e-02  -1.5824524e-01   4.5823781e-02   4.5980539e-01  -3.5404201e-02   4.5196315e-01   6.4841106e-02  -6.0591886e-01   1.8350723e-01  -6.3249762e-01   3.1684818e-01   8.2846940e-01  -2.4922924e-01   4.8859001e-02   2.4581668e-02  -6.8670347e-03
  -1.5704645e-02  -1.3594662e-02   1.8638844e-01  -4.0535232e-02  -6.7761201e-02   4.7858172e-03  -2.2903643e-03  -2.4235903e-02  -5.0163930e-03   4.1506710e-02  -4.0165164e-02   6.0629673e-02   8.1561796e-02  -2.0023911e-02  -1.7437136e-02  -1.3681388e-01  -1.2771815e-02  -6.6315631e-03   1.2045173e-02   6.0106846e-02  -5.0636314e-03   1.6586588e-02  -1.9192545e-02   3.5872981e-02  -3.0119382e-02   1.8596226e-02   6.5946032e-03  -7.4074493e-02
   9.5231894e-04   1.1173106e-03  -8.6494364e-03  -3.8540269e-04  -4.4847174e-02  -7.6728594e-02   8.4854038e-03  -2.3850573e-04  -1.7360157e-01   4.2166011e-01  -1.8002820e-03   1.0719719e-02  -6.3680823e-02   1.1351496e-02  -1.9228033e-02  -1.2666039e-02   1.0943953e-01  -2.0812755e-01  -2.2184166e-04   1.0446530e-02  -1.6939106e-02   6.8882079e-02  -1.3436209e-03  -1.5206011e-02   1.5595336e-02  -7.3140625e-03  -3.8613714e-03   2.8039908e-02
   1.4233782e-03  -8.7552877e-04   3.1552263e-04   1.4629127e-04   4.2229589e-02   1.4838600e-02  -3.3300307e-03   8.6273558e-03  -9.0111315e-02  -1.9723289e-01  -3.4055867e-03  -6.3571765e-03   9.0124520e-02   5.7736582e-01  -6.7878741e-03   2.3385719e-03   1.4036252e-01  -1.2458016e+00   1.1526259e-02   2.7116359e-02  -6.1012655e-01   1.4367076e+00  -7.8540708e-02   1.6034395e-01  -1.1896950e-01  -1.3664602e-01  -2.1126604e-05   8.3823809e-04
  -4.9494821e-04   5.4922106e-03  -2.4393043e-03   5.3713128e-04  -8.8068336e-02  -2.9846530e-02   7.3143316e-04  -3.2074782e-03   4.1838013e-02   2.5531222e-01  -1.3772908e-02   3.4655804e-02   8.5554334e-02  -7.0741366e-01   6.8936990e-02   1.2450349e-02  -3.2653910e-01   1.0285429e+00   2.1331457e-02  -9.9148843e-02  -1.0642746e-01  -1.1815170e-02  -2.0268595e-01   5.2174380e-02  -6.4442413e-03   6.8882672e-03  -2.1230268e-03   2.2904687e-02
  -1.8341130e-03   4.2881109e-03  -7.0397285e-03  -6.3094093e-03  -6.8458537e-02   2.9018499e-03  -1.2675525e-03  -1.7122613e-02   5.5762594e-02  -1.9688823e-03   1.2224794e-01  -1.2743969e-01  -1.4408069e-01   8.9918890e-02  -9.8232697e-03   7.9227392e-01  -1.4565941e-01  -1.7686132e-01  -5.6290353e-02  -3.9298178e-01  -3.2156894e-02   2.3844106e-01  -5.0040939e-02  -2.9627360e-03   3.5890262e-02  -4.2511782e-02  -3.8371053e-03  -2.7770593e-02
   5.7135891e-04   9.7014605e-04   5.7072749e-03   7.9046667e-04   2.3290940e-02   1.2935533e-03   1.7808409e-03  -3.8371079e-03   7.2626672e-02  -1.1229818e-02  -1.4075812e-01  -1.7819895e-01  -8.7292038e-02   1.1304501e-02   6.6763942e-03   5.2556408e-01  -1.3812929e-01   1.2033453e-02   4.7148957e-02  -2.1753918e-01   4.7253157e-02   2.8341338e-03  -2.2816219e-03  -2.2762860e-02  -5.5011126e-03   1.1920737e-02   3.9707789e-03   1.5922683e-02
  -9.6583583e-03  -8.6762100e-03   2.2288207e-02   1.8257322e-01  -1.7160443e-01   1.5936267e-02  -1.9042330e-06  -2.6555475e-02   3.2904141e-02   2.1792216e-02  -1.4183882e-02  -6.0096233e-02   4.8846664e-02  -1.2330696e-02  -2.1138073e-03   1.1758996e-02  -6.7936078e-02   1.9999074e-02  -3.2146259e-04   6.8342982e-03   3.0285797e-02  -7.1774162e-03  -8.4532992e-03   2.3223384e-02  -3.7954133e-02   2.1379616e-02   2.6723475e-03  -2.1088943e-02
   8.2693658e-04   9.8423051e-05   2.9008868e-03   8.1989860e-04  -2.4248658e-02   2.6025910e-03   1.0059408e-02  -1.4781334e-03  -4.1221101e-03   2.4869202e-01   1.2895840e-02  -9.1153694e-03   6.4000637e-02  -6.1420228e-01  -1.4498396e-01   6.5822765e-02  -3.7707291e-02   5.5870741e-01   1.6621983e-03  -5.0937495e-02  -2.9563718e-04  -1.9590449e-01   1.4862976e-01  -5.9352654e-02   1.4247575e-01  -1.4124243e-01   3.6149190e-03  -1.6036476e-02
   1.4372400e-03   3.1195109e-03  -2.3683092e-04  -1.4422054e-03  -1.3147856e-02  -5.4833817e-04   4.9105951e-04   2.9426585e-03   3.2655699e-02   2.8152123e-02  -9.8323879e-04   2.5703421e-03   5.6509383e-02  -5.4440082e-02  -1.5214527e-03   5.7916524e-02  -6.8006970e-01   1.4214850e-01   4.2870843e-03  -1.5212830e-01   8.4959345e-01  -2.0240461e-01  -5.2824593e-03   8.5959337e-03  -1.2366183e-01   3.5458880e-02   9.0912167e-04  -2.6387891e-03
   1.6372751e-03   8.2530526e-03  -2.9390948e-03  -4.0989101e-04   5.9730363e-02  -4.6624648e-04  -7.7273893e-04  -3.5867947e-03  -1.2755189e-01   2.0077942e-02  -8.5022291e-03   5.2223720e-02  -6.9048581e-01   1.7757762e-02   6.1854592e-04  -1.3502495e-01   1.3126137e+00  -5.8966094e-02   8.4829733e-03   2.9134030e-02  -4.8917879e-01  -2.0787704e-02   1.1204602e-02  -1.9227760e-02   7.0927154e-02  -2.8809311e-02   1.6203656e-03   2.7165376e-04
   1.4035338e-04   1.6266850e-03   6.8587321e-03  -7.0750075e-03  -4.4071222e-02   9.5006727e-04  -1.1295703e-03  -5.7677870e-03  -1.6738023e-01   4.7606094e-02  -1.7195198e-02   5.6241357e-01  -3.4059841e-02  -4.8412836e-02  -1.3595301e-03  -5.7566510e-01   1.4000331e-01   5.1015190e-02  -1.9575981e-03   1.9094839e-01  -9.8770888e-02   2.8300286e-02  -3.7336168e-02  -1.2971432e-02   3.9106092e-02  -1.2798500e-02  -6.8948445e-04  -1.6778193e-02
  -4.9303353e-04   5.0880099e-04   1.9297720e-03   8.0549881e-04   5.8242773e-02   2.3922882e-02  -5.5568906e-03   3.4383077e-03   1.2501744e-02  -3.3682579e-01  -1.2674629e-03   5.8130954e-03  -9.5962897e-02   5.7826364e-01  -2.7928667e-02  -1.4570249e-02  -6.6093399e-02  -1.6948180e-01  -1.0021787e-03   2.2585490e-02   2.6888222e-02  -1.8193279e-02  -3.0171382e-02  -4.4532659e-03  -1.2267580e-02   3.9949743e-02   2.0846915e-03  -8.0070213e-03
  -9.4950234e-04  -3.9107738e-03   8.0544259e-03  -6.1970230e-03  -4.3510070e-02   5.6689500e-03   2.0657713e-04   1.9174205e-01  -1.3737469e-02   7.6961807e-04  -8.7195489e-03  -2.6738409e-01   3.8855430e-02   8.4825440e-03   7.3141093e-04   1.6794909e-01  -5.8876968e-02   6.3581620e-03   2.0592339e-03  -6.2589206e-02   5.4175276e-02  -2.7500822e-02   5.8843825e-03   3.3047985e-02  -5.7609903e-02   3.1522192e-02  -9.9789134e-04  -5.1543368e-03
  -8.8825116e-06  -3.8114558e-03   9.3526908e-04   6.2054297e-05   2.0494211e-02  -3.8582081e-03   9.8715762e-05   5.6741057e-03  -2.6072226e-02   2.3512671e-02  -9.5187007e-03   9.1412344e-02  -1.2624074e-02  -5.5515338e-02  -6.9184712e-04  -5.5572338e-01   9.5970072e-02   1.0559623e-01  -6.6112657e-02   8.6374664e-01  -3.1175241e-01  -6.7801518e-02  -1.6941199e-02  -1.5811200e-01   4.4661070e-02   3.8149975e-02   2.6548130e-04   6.9336952e-05
  -1.0389111e-03  -3.8968254e-03   5.3268889e-04   1.9267099e-04   3.3296468e-02  -6.8343896e-03  -2.5849213e-03   4.5570638e-03  -5.2944574e-02  -2.5492389e-02  -2.5967106e-03  -5.9213349e-03   2.7244456e-02   5.9314897e-02   2.0354186e-02  -3.7398909e-02  -1.6152791e-02   5.8575504e-03  -4.4372188e-02   1.2380164e-01   5.8128153e-02  -2.2147489e-01   3.0858571e-01  -3.5514885e-01   5.0917545e-01  -3.5319932e-01  -8.2702013e-04   1.0376346e-02
  -1.6511927e-03  -6.0069696e-04   2.7444527e-04  -1.0809357e-03   3.6467868e-02  -2.1246100e-03   1.5305037e-04  -2.7822642e-03  -7.0675230e-02   5.0195249e-03   3.6412163e-03   2.5099988e-04   7.4484052e-02  -1.6353922e-02  -7.3051206e-04  -2.7277964e-04   5.8799472e-03   3.7634692e-02  -3.6320128e-02   9.6013793e-02  -1.9728517e-01  -1.2104933e-02  -4.2818898e-03  -4.7969654e-01   9.8668692e-01  -3.9338260e-01  -1.1228545e-03   2.9274335e-03
   1.3134467e-04  -2.1695745e-02  -3.4899603e-03  -6.8754578e-05  -1.1798130e-01   2.5850894e-01   1.7464982e-02  -1.9097274e-03  -2.1015643e-02  -2.1727025e-01  -1.9451792e-03   2.2449322e-02   4.6741621e-02   1.7075645e-01  -5.0242447e-03  -3.1801998e-02   9.5533792e-03  -1.5111290e-01  -5.4353391e-03   2.8049662e-02  -2.6280860e-02   7.0333819e-02  -1.0040951e-02  -2.2373128e-03  -1.8819920e-04  -1.9410523e-03  -4.5034944e-03   2.3511963e-02
   1.6333068e-04   3.0829201e-04   4.2465248e-04   4.6490986e-04  -5.5102867e-03   1.8892749e-03   4.7906663e-04   1.6611470e-03   4.5656765e-03   7.3118042e-04  -8.1218627e-03   2.8571479e-02   3.1729779e-02  -5.7211865e-03  -9.8956994e-04  -1.0831168e-01  -1.9758608e-02   5.2544849e-03   2.2973298e-01  -1.7278971e-02   4.0849632e-02  -1.5720672e-02  -1.0460716e-02  -2.9995145e-01   1.8666232e-01   1.5106011e-02   2.4703811e-03  -4.0149847e-03
   1.1846757e-04   1.6950472e-03  -3.6674030e-04  -8.1280457e-05  -1.5886610e-02  -1.3043842e-03   5.0788870e-04  -8.9441965e-05   3.1320505e-02   2.5672466e-02   1.9881144e-03   5.3455784e-03  -6.0593081e-02  -7.0866125e-02  -7.5597017e-04  -3.7919183e-02   4.5390124e-02   1.5068305e-01  -1.4675859e-02   1.0227688e-01  -7.8269552e-03  -1.8221485e-01  -5.8437075e-02  -5.5515621e-02  -4.0062567e-01   5.6258031e-01  -1.4493815e-04   1.1781743e-03
   5.8375784e-04   3.0285591e-03  -6.1295928e-04   3.2379822e-04  -7.5089800e-02  -7.0731271e-04  -2.1666554e-04  -9.5562760e-03   2.3802799e-01  -5.7437075e-03   3.4137839e-05   5.6742174e-03  -2.8835259e-01   5.4683253e-03  -1.7512248e-04   8.0709538e-03   1.7426948e-01  -6.7454929e-03   2.9177828e-03  -1.8673182e-02  -4.9277055e-02   1.1510532e-02  -2.7871858e-03  -3.8964155e-03   3.4305839e-02  -2.1545844e-02  -3.1557564e-04  -2.6214297e-04
