   7.2865806e-02   5.0425630e-02  -6.0250904e-04  -3.2796046e-02   7.4848751e-02   2.9047904e-02   2.1801770e-03   1.1192186e-01  -4.9488946e-01   8.8764805e-02   1.3696763e-02   2.0177425e-01   5.6523530e-01  -1.8744085e-01  -9.9973547e-03  -5.8955282e-01  -1.9878852e-01   1.1329356e-01   8.5371585e-02   1.7574013e-01   2.3622173e-01  -1.9066469e-01   1.5645459e-01  -1.1784759e-01   2.0182984e-01  -1.4456257e-01   1.1379658e-01   9.8643568e-03
   1.2115502e-01   1.3249116e-01   2.5253882e-02   1.6894428e-01  -2.8041648e-01   2.5036385e-01   4.2258172e-02   8.6965285e-02  -4.4405825e-01  -1.5656831e-01  -5.0400515e-03   1.2297077e-01   5.6167690e-01   8.7059538e-02  -1.8516599e-02  -5.1608721e-01  -3.6219335e-01  -1.5999279e-01   9.7677503e-02   2.9569527e-01   1.9978889e-01   5.4517723e-02   9.6552152e-02  -8.1302337e-02   6.3760065e-02  -7.5459791e-02  -8.0004541e-02   1.9281079e-02
  -2.4076871e-02   7.5902990e-02  -1.5972571e-02  -9.7850469e-02   7.3099633e-02   4.3061772e-02   5.9141805e-03  -1.4412786e-01   1.0791435e+00  -2.9699922e-01   2.9530115e-02   4.7514633e-02  -1.4113146e+00   3.4558655e-01   8.9346819e-03  -1.3356942e-01   1.0016419e+00  -2.3507454e-01  -4.2452064e-02   7.3936606e-01  -6.7934798e-01   7.5579070e-02   1.0330865e-01  -1.0563813e-02  -1.0629534e-02  -4.8467483e-02   6.6364508e-02  -1.2839032e-02
  -2.5137705e-03  -3.9883516e-02  -1.5058398e-02   1.4050055e-02   8.7837115e-02  -3.4001582e-02  -1.7138648e-02  -2.1846921e-01  -5.0044564e-01  -9.7591218e-02   6.3230008e-03   8.4431723e-02   1.6348254e+00   6.2768397e-02   6.0210084e-03   9.8355074e-02  -1.5029691e+00   4.6334797e-02   5.3299697e-03   7.9657358e-02   4.8419465e-01  -1.8325579e-02  -4.9388661e-03  -1.2978968e-02  -1.9758886e-02  -2.6837507e-03  -1.5169525e-02   3.6125525e-04
   4.8154054e-03   7.0482272e-03   1.4178334e-03   7.3015136e-03   7.8053210e-03   4.4567497e-03   1.6983413e-03  -1.5823704e-02  -3.6429719e-02  -1.2542514e-03   7.5075972e-03   4.6383696e-02   3.6530043e-02   1.3035063e-03  -8.2255234e-04  -2.9320087e-02   1.6632558e-02  -2.7777032e-02   1.1169733e-02  -2.9524205e-02  -3.2591617e-02  -1.3188496e-02  -4.5100447e-02  -1.2225713e-01  -2.7774512e-03   3.2016095e-01   7.3143684e-03  -1.7961839e-03
   7.5878375e-03  -2.4586546e-02   2.5817661e-03   1.6401638e-02   7.3134275e-02  -2.5642512e-02  -1.8311909e-03  -3.7768953e-03  -2.5725559e-01   3.4352888e-02   8.3038318e-04   1.2679199e-01   5.4600706e-01  -7.7002788e-02   4.0576168e-03  -6.8591491e-01  -7.7529380e-01   1.8118252e-01  -6.2247766e-02   1.1668766e+00  -2.3308858e-01   8.6765927e-02   1.8259564e-02  -6.4064492e-03  -2.0535388e-02  -2.1180772e-02  -7.4048806e-03   3.4754178e-03
  -1.7147787e-02   7.5449148e-03  -3.8640989e-02  -6.1663452e-03   3.1458068e-02   1.0221337e-02   5.0140920e-02  -4.7545782e-02   3.2041189e-02  -2.4181133e-02  -3.2921486e-02  -7.5912398e-03  -5.4643030e-02   1.8347000e-02   1.8271986e-02   5.3415698e-02   3.8993011e-02   9.1041937e-03  -2.3459567e-02  -1.3389128e-02  -4.4624686e-02   1.8904204e-02  -7.3966487e-04   2.0736971e-02  -2.5503099e-02   1.0092671e-02  -1.0172461e-02   1.8885199e-01
   8.5957083e-03  -8.9382185e-03  -2.8794938e-03   8.2292984e-03   7.9722601e-03  -1.6010048e-02   1.0269276e-03  -1.0549044e-02   8.1567235e-02   2.4496737e-02  -1.6999920e-03  -1.0982765e-01  -1.1048592e-01   4.6516245e-04  -2.7928721e-03   3.5236161e-01  -3.7445336e-01  -8.5910169e-02  -5.9822803e-03  -3.6648898e-01   6.7302296e-01   3.8027726e-02  -2.8665920e-02   5.4089636e-03  -5.4651723e-02  -2.4053502e-03  -4.2620411e-03  -6.1024632e-04
   1.3195917e-02  -5.1496290e-02   6.0130062e-02  -5.3079367e-02  -1.6003429e-01  -7.7075533e-02  -1.4634804e-02   6.5055697e-01   1.2603960e-02   4.4121976e-02   6.7920941e-03  -4.8198922e-01  -1.3618350e-01   9.8576960e-03   1.8337389e-03   2.4387603e-01   9.3374487e-02   3.0867585e-02   8.6370609e-03  -6.8225337e-02  -1.5463081e-02  -4.1044454e-02   1.3265406e-02   2.2608053e-02  -5.5925232e-02   2.6123350e-02  -4.4242317e-03   4.3685943e-03
  -1.5396609e-01   1.0225403e-01   2.8274452e-02   4.0623523e-02  -2.5275949e-02   7.8912342e-02   1.1698455e-02   1.5899523e-01  -2.0387247e-01  -6.1933919e-02   4.5147458e-03  -1.0164932e-01   2.1718063e-01   4.3153185e-02   1.6266593e-04   2.5010873e-02  -1.8818791e-01  -4.8916451e-02   7.5998355e-03  -2.2997818e-02   1.0985754e-01   9.4994101e-03   8.4599968e-03   4.0127851e-03  -1.4028972e-02   1.5713453e-03  -7.5754162e-03   2.7511936e-04
   2.1903962e-02  -1.1506483e-01   4.6487136e-03   9.7829972e-03  -4.4110408e-02   2.7209143e-01   2.3559390e-02   6.8817213e-03  -3.6992700e-02  -2.1570821e-01   7.4711239e-04  -1.6991492e-02   2.2593568e-02   1.2753728e-01   1.3760062e-03   2.4750725e-02  -2.6043550e-02  -7.3443741e-02   5.3571538e-05  -7.5916647e-03   3.3914364e-02  -7.3891210e-03   9.1870738e-03   1.2151785e-03   1.0458697e-03  -2.1695403e-04  -4.7684337e-03   8.8995575e-04
  -3.2156191e-03  -7.2649280e-02  -3.7408369e-03   2.3021758e-02  -3.5186628e-02  -7.3742413e-02   1.9254901e-01  -2.6837617e-02   1.1337229e-02   7.1927390e-02  -1.7379905e-03   1.6201209e-02   2.1041942e-02  -3.3274792e-02  -9.5300484e-03  -4.5960001e-03  -2.6726708e-02  -2.1273333e-02   6.4713178e-03   6.3469774e-03   2.1627712e-02  -7.7326377e-04  -9.1340300e-04   1.3953829e-03   6.8849911e-03  -3.1910719e-03   7.3928051e-04   5.0911925e-03
  -3.2873061e-02  -1.1092737e-02   1.8172461e-01   1.2267810e-02  -2.4524901e-05   2.7156539e-03  -1.1649638e-02  -1.9624104e-01   2.1103674e-02   5.0180315e-03  -2.4953946e-02   1.0150528e-01   4.3998068e-02  -2.4259270e-02  -1.8393143e-03  -4.5457846e-02  -1.2275811e-02   2.1951417e-02   2.5562934e-03   1.5133225e-02   2.9438261e-04  -2.7232084e-03   4.8703328e-03   1.9992029e-03  -3.2661339e-03  -5.3400845e-04   5.8389787e-03  -2.5320771e-03
  -2.4481831e-03  -2.0058446e-02   3.4092041e-03   2.2107614e-02  -6.3150580e-02  -1.5192225e-01   1.1644468e-02  -2.0905691e-02  -1.1604621e-01   6.1384646e-01   3.2694442e-03  -3.4347228e-02  -3.1405567e-02  -2.6218602e-01  -5.1113824e-04   9.5559492e-02   2.2727056e-02  -1.0134813e-02   5.3053335e-03  -2.5453152e-02  -9.6753878e-03   9.4724693e-03  -2.7621473e-03   4.8521800e-03  -3.7538555e-03   3.0899767e-03  -5.9777738e-03   2.8550943e-03
  -6.8343626e-03  -1.3047890e-02  -7.2551812e-04   4.8384211e-04   1.4110866e-01  -1.8904527e-02  -1.7570633e-03   5.8048966e-02  -3.9902551e-01   6.8209476e-02  -1.2147179e-02  -9.9612409e-02   7.2481306e-02  -9.7351189e-02  -3.3909827e-03  -1.6741624e-01   7.1212792e-01  -1.5036394e-02  -1.8614545e-02   2.5261119e-01  -4.6848306e-01   2.1396442e-02   3.0512143e-03  -4.9204263e-03  -5.7211280e-04   4.6975799e-03  -7.8635021e-03   1.6631176e-04
   1.6842912e-02  -2.4887147e-02   1.2738140e-03   2.6608419e-01  -1.5615887e-01  -8.7047550e-02  -8.6168372e-03  -3.5578113e-01   2.1995822e-01   8.5604003e-02  -4.7411421e-03   1.5793327e-01  -1.0965371e-01  -3.3028873e-02   2.0869048e-03   3.6845068e-02   5.9167233e-03  -5.3297569e-03   5.4668142e-03  -5.9764208e-02   7.0112213e-03   3.5334254e-02  -2.1716793e-03  -1.8402503e-02   1.4350728e-02  -1.0122720e-02  -7.8639596e-04   2.7058409e-03
   2.1948278e-03  -5.5595562e-03  -2.3220221e-03   8.1935975e-03  -1.0650503e-02  -2.4367550e-02  -3.2794602e-02  -1.7384983e-03   1.8675072e-04   2.7599929e-02  -1.0246064e-02   3.4462012e-03  -1.3805386e-02   1.5083132e-02   1.8935942e-01  -6.0448284e-03   3.6342833e-02  -1.4167592e-01   1.2046376e-02  -2.6971568e-03   2.1693686e-02   1.7882552e-02  -2.0640812e-02   5.9325583e-03  -1.1765738e-03   4.1896440e-03  -5.7679341e-03   4.2611722e-03
  -4.0730062e-03   5.0866845e-03  -6.5370624e-03   1.7701872e-02   1.2458871e-02   1.3759190e-02   3.5423437e-03  -2.6922953e-01  -7.7954963e-03   2.3564764e-03   1.5256169e-02   5.5485621e-01  -1.3392450e-01   1.2017632e-02  -3.2159862e-03  -2.5956076e-01   6.0232178e-02  -5.8424536e-02  -1.8209519e-03   2.2800635e-02   4.2746891e-03   3.1516306e-02  -1.8500618e-03  -4.8330268e-03   6.3090300e-03  -2.6492501e-03   1.4379713e-03   1.2873892e-04
   9.0778342e-04   1.3046162e-03   1.1623921e-04   1.3468535e-02  -1.0118854e-01  -4.9959453e-04   1.2559737e-03  -1.7037234e-02   5.3302397e-02   1.4707611e-01   2.8283205e-03   7.5451939e-02  -9.7894197e-03  -5.0862637e-01   5.1738174e-03  -5.8686970e-02  -7.7927317e-02   7.2826689e-01   1.4431387e-03  -2.4580611e-02  -9.1992041e-02  -5.9840772e-02   4.2977504e-02   2.9618057e-02  -3.5515728e-02  -4.2443089e-02  -5.8551629e-04   1.3321745e-03
   2.0528442e-03   6.3725332e-03   3.7731901e-03  -2.0948739e-02  -1.0391449e-02   9.1961697e-03   3.8131125e-03   4.2547279e-02   8.7366643e-03  -5.0583402e-03   4.2586524e-03  -3.5537772e-02  -4.5019600e-02  -9.8180755e-03   1.9024467e-03   8.5910537e-02   8.0274634e-02   1.3277828e-02  -9.0076428e-03  -1.8435142e-01  -2.6000347e-02  -1.1282226e-02   2.7276400e-02   3.4774303e-01  -7.7144367e-02  -3.8087509e-02   4.3549680e-03  -1.7276393e-03
  -7.4872316e-03  -4.1836903e-02   8.8202298e-04  -7.4299134e-02   6.2894265e-01  -1.0008373e-01  -8.3584425e-03   2.0163124e-02  -6.5508342e-01   4.3159426e-02   1.2191856e-03   6.1830391e-02   3.2494991e-01  -2.3267785e-02   4.6525587e-04  -9.7682307e-02  -2.1630522e-01   3.9909488e-02   8.8182378e-03   6.1717583e-04   1.2005262e-01   2.4429615e-04   2.0022679e-04  -7.8363573e-03  -8.2661135e-03  -1.5576382e-03  -6.2013494e-03  -6.9304820e-03
  -4.4331437e-03  -2.0966556e-03  -2.6128664e-02   1.0801941e-02  -1.5179370e-02  -2.7605964e-03  -1.7889122e-03  -9.0969654e-02   4.3269595e-02   2.8363530e-03   1.9065177e-01   2.9220770e-02  -3.1672414e-02   8.7827207e-03  -4.8918847e-03  -1.0647802e-01   9.1399753e-02  -4.3974335e-02  -1.8103789e-02   6.3993682e-03   5.9950928e-04   1.3202827e-02   9.2959865e-03   8.2987102e-03  -7.5823724e-03   1.1556561e-04  -8.0512419e-03   3.1592927e-06
   9.3509690e-03   1.8207084e-02  -3.0441305e-03  -1.8253239e-02   6.2292555e-02   2.6764697e-02   1.7595574e-03   9.8989644e-02  -2.3335110e-01  -1.9195842e-02   4.3778113e-03  -3.9535196e-01   2.9434262e-01   2.0695425e-02  -1.3064278e-03   7.2147447e-01  -4.1269757e-01  -4.3513772e-03   3.2673331e-03  -3.0055924e-01   1.1247105e-01   1.1332521e-02  -2.4809135e-03  -1.3280290e-04   9.6700603e-03   1.4491045e-03   1.9886744e-02  -2.7100325e-03
  -5.0044259e-03  -8.8776580e-03  -4.9855035e-05  -1.4019459e-02   2.3203034e-02  -4.3043671e-03  -3.1461840e-03   5.7267201e-03   3.2057086e-02  -5.0521202e-02   4.6305382e-03  -4.3179642e-02  -4.8496342e-02   1.5193360e-01  -1.5797491e-02   1.3801943e-01   4.2381721e-02  -2.6849343e-01  -1.3137893e-02  -1.0754610e-01   5.6997381e-02  -3.1406471e-02   2.7726981e-01   1.8990251e-02   1.8082040e-02  -8.8439678e-02  -7.5189584e-03   1.2006747e-04
   3.2140555e-03   3.6087976e-03   1.8606431e-03   7.7820802e-04   7.7970541e-03   3.9892296e-02  -1.0055961e-02   1.1275773e-02   1.4130098e-02  -2.9152558e-01  -8.1640915e-04   2.0704218e-02  -1.2073925e-01   5.9456573e-01   1.0812693e-02  -5.3574460e-02  -1.1528682e-02  -3.3024270e-01  -4.0355592e-03   3.5728053e-02   4.1709213e-02   4.2097266e-02   2.2083553e-03  -8.6018815e-03   1.6572056e-02  -5.2354062e-03   4.1799810e-03   3.8701114e-05
  -4.5317874e-03  -2.8581129e-03  -3.7042783e-03   2.7826648e-03   1.5155285e-02  -3.5161571e-03   6.9405639e-04  -3.7927752e-02   3.6775062e-02  -1.1902038e-02  -1.0554048e-02  -5.5969624e-03  -4.9503784e-02   7.7720638e-03   3.5845690e-03   6.3108989e-02   2.9420880e-02   1.0898363e-02   2.5283145e-01  -2.0563986e-01   6.9066997e-02  -4.8158873e-03  -1.9752695e-02  -7.4524635e-02   1.3985791e-02   1.0374511e-02  -2.5039951e-03  -1.7123396e-03
  -6.7589323e-03  -3.8969788e-03   1.8069057e-03   5.0619350e-03  -1.3880121e-02  -7.2804536e-03  -1.5242606e-03  -2.3393547e-03   4.4403750e-02   1.0525795e-02  -7.7377491e-04  -2.0099480e-02  -5.2057700e-02  -1.7616930e-02  -1.5089536e-03   5.6066386e-02   2.3298465e-02   1.6543170e-02   1.6599805e-03  -2.5645829e-02  -4.0549733e-02   2.5496216e-03   2.6982943e-02  -1.4600664e-01   3.3302412e-01  -1.7557957e-01  -1.0049266e-02   9.2214773e-04
   2.8493261e-03   2.7344144e-03  -3.4505318e-04   5.1120870e-03   1.8332957e-03   4.7781068e-03   1.1112114e-03  -1.4337317e-02  -1.5716842e-02  -2.2899879e-02   1.6433821e-03   1.9885971e-02   2.0566425e-02   9.4985877e-02  -8.2593408e-04   1.4701421e-02   3.3421362e-02  -2.4359156e-01   9.4747501e-03  -6.3559881e-02  -6.5946233e-02   2.6317746e-01  -2.0555328e-02   1.2972162e-02  -1.3280949e-02  -2.2030264e-02   3.7031074e-03  -1.5605019e-04
