  -1.9907375e-01  -1.3572090e-01   2.2056858e-02  -2.2053857e-02   2.7942169e-01   2.5206478e-02   1.7565204e-02   8.8692851e-02  -8.8159824e-02  -6.7266483e-02   3.9457089e-03  -7.8081732e-02  -4.0290081e-02  -2.7372753e-02   1.7331019e-02   1.5096373e-01  -9.5606564e-02   1.5790946e-01   5.7617599e-02  -3.5054340e-01   2.4969180e-01  -2.4609362e-01   1.4379508e-02   4.0675200e-02  -2.7104886e-02   4.6226226e-02   1.0663969e-01  -5.2694495e-03
   9.9593641e-03   9.3337276e-03  -8.2396769e-03  -8.5534774e-02  -3.7220086e-01   3.0268010e-02  -6.6280856e-03   7.9399176e-02   6.3273297e-01  -2.8957951e-01   7.6238455e-03  -5.6121665e-01   8.2643855e-01   2.7228452e-01  -1.5469673e-02   8.9994882e-01  -9.7910156e-01  -1.9676116e-01  -5.2723228e-02  -2.4750694e-01  -7.6098813e-02   3.0106684e-01  -2.6226424e-02   1.2402327e-02   2.5752543e-03  -2.4490179e-02  -1.1994511e-02  -6.0169547e-03
  -1.6601568e-01  -3.3597227e-02  -1.9727111e-03  -3.3208292e-02   1.3087685e+00   1.3136851e-03  -1.0139274e-02  -9.7346105e-02  -8.6726193e-01  -3.2285937e-01   4.2162828e-03  -2.8537718e-02  -1.1134680e-02   3.0555297e-01  -3.0661448e-03   1.8729550e-01   1.3997430e-02  -3.8495398e-02  -4.3124606e-02  -1.0569137e-02  -2.5280620e-03   7.8388855e-03  -5.3424698e-03  -5.7626288e-03  -1.0322053e-02  -1.5302665e-02  -2.5003513e-03   2.3965329e-02
   2.5491328e-02  -1.6740141e-02   6.4635556e-02   1.4937813e-02  -5.1581434e-02   4.2916318e-02  -1.6559454e-01  -2.0076076e-02   1.1940364e-01  -1.3320723e-01  -2.6127563e-03   8.2868593e-02  -1.9830198e-01   1.2171248e-01   4.9097919e-02  -1.0923126e-01  -1.8689330e-02   1.3405991e-02  -2.3736934e-02   5.6356561e-02  -2.8279189e-02  -2.2863908e-02   7.9699397e-03   1.3082696e-02  -2.8938620e-02   1.8108631e-02   1.1353867e-02   1.4286702e-01
  -7.3991147e-03   4.7160660e-03  -5.8814063e-03  -1.4614418e-02   2.6832238e-02  -6.5756759e-03   1.3341464e-03  -1.2988911e-02  -9.5061251e-02   2.3085762e-02  -7.4952278e-03   9.1251242e-02   3.4131060e-01  -1.3531868e-01   2.3574337e-03  -2.2787043e-01  -6.3725914e-01   2.9027834e-01   1.8554017e-02  -7.9653911e-02   1.0557942e+00  -4.8469890e-01  -5.3519830e-03  -2.6252191e-02  -6.0573576e-02   5.0426808e-03  -2.6786097e-03   4.2978919e-03
   1.6832523e-01   4.1284748e-02   2.8710355e-03  -1.2889391e-02  -8.6351740e-02   5.7493873e-02   2.0771829e-02   4.9660046e-02   1.0417000e-01  -2.1951808e-01   3.0764725e-03  -3.3117743e-02  -1.2751423e-01   3.4504750e-01  -1.8899795e-02  -9.2948647e-03  -2.7287345e-02  -3.4957422e-01  -4.2659678e-02   1.2470910e-01  -5.5852367e-02   1.5690845e-01  -9.1548828e-03  -7.6084875e-03  -1.9618952e-02  -6.1370469e-03   1.7459006e-01  -3.4669433e-02
   1.5583623e-03   3.5155496e-04   3.9781662e-03  -4.7634696e-07  -3.8893950e-03  -8.6683247e-04   1.2258134e-02   8.8874875e-03   1.9870877e-02   7.3729975e-03   2.6189531e-03  -2.8896561e-02  -4.5719515e-02  -1.8896796e-02   4.9280168e-03   6.5127431e-02   6.6449760e-03   6.0559706e-02  -1.0337447e-03  -1.1913421e-01   2.8676759e-02  -4.7028621e-02   6.2769184e-03   3.7287204e-01  -2.6598814e-01   5.8670066e-02   6.6862476e-03   2.1903853e-03
  -8.6648897e-03   8.5940761e-03   1.0861585e-03  -7.5900377e-03   1.2325846e-01  -3.0232374e-02  -2.6982019e-03   1.6988200e-02  -2.8467597e-01   7.1944728e-02  -9.4864235e-03   6.1141418e-02  -1.1568961e-01  -1.1638150e-04  -2.9224918e-03  -3.8113162e-01   1.0802357e+00  -2.9773343e-01   1.2726093e-02   1.5784524e-01  -5.0936912e-01   1.0388643e-01   9.2261725e-03  -4.0094275e-03   1.3931018e-02   2.1014933e-03   5.6081531e-03   1.8726177e-03
   2.0080024e-02  -1.5225692e-02  -1.5918516e-02   1.8797717e-02   3.5167686e-01   9.6782979e-03  -1.1619516e-02  -6.9850694e-01   7.0799834e-02  -6.8570064e-02   3.1212559e-04   3.1106699e-01   5.3876782e-02  -2.4356610e-02   5.6100255e-03  -1.5266781e-01  -8.9197923e-02   6.7995984e-02   1.8810763e-02   8.5856496e-02  -3.6197016e-02  -4.8359031e-03  -2.2759295e-03  -2.2723579e-03   5.5271211e-03   3.6657763e-03   7.5669289e-03   3.9385751e-02
   3.4151483e-03  -4.0963817e-03   3.0303823e-04   3.0311118e-03  -2.1090720e-03   4.2198413e-03   6.6668151e-03  -5.6742341e-03   2.0151123e-02  -7.6977547e-03  -1.5518221e-02  -3.5659775e-02   2.2455280e-03   7.6950208e-03   1.2278607e-02   4.0919635e-02  -2.4233399e-02   2.5069870e-02   3.0688993e-01  -1.9202040e-01   8.9392096e-02  -3.3442909e-02   1.3881597e-02  -5.6682318e-02   3.0368118e-02  -1.7457473e-02   5.3047023e-03  -5.7800886e-03
  -1.8863191e-03   3.7606294e-03   2.7472204e-03   6.5704244e-04  -7.6549887e-03   1.3466482e-03   6.7174012e-03   3.1312091e-03   3.6379031e-02   1.3203377e-02   4.0073764e-03  -8.4778159e-03  -1.0231596e-01  -4.0729408e-02   8.4238542e-04   1.7283777e-02   8.9558078e-02   1.1355710e-01  -1.3851966e-02   7.7545531e-03  -7.0770319e-02  -1.2484365e-01  -5.6693917e-02   1.4754286e-02  -1.2203422e-01   3.4862075e-01   4.0973982e-03   4.7052407e-03
   5.1840417e-03   5.4705231e-03  -5.7201183e-03   2.8693816e-02  -3.4264458e-02  -1.1958753e-02  -1.3859264e-03  -1.3883354e-01   8.3780366e-02   3.2430399e-02   9.8260739e-03  -2.4254969e-01  -1.3265394e-01   6.4831198e-02  -4.3611169e-03   7.8222462e-01  -8.7309323e-03  -2.0878263e-01  -2.9331260e-02  -2.9873817e-01  -5.6547433e-03   9.3705409e-02   2.6507738e-03   9.6850194e-03  -1.2555694e-03  -6.9526260e-05  -2.1845285e-03  -2.5238349e-03
   2.2975966e-03  -5.8019986e-03  -1.0583148e-03  -9.1323059e-04   5.2283632e-02   1.0737978e-02   7.7881248e-03   3.3036511e-02  -1.1911011e-01  -4.2027782e-02  -2.7798217e-04  -8.2644549e-02   9.6306207e-02   2.4137514e-01  -1.3352026e-02   1.3968521e-01   4.7554605e-02  -7.3728845e-01  -1.3108959e-03  -9.4916254e-02  -1.9517940e-01   8.1900279e-01  -6.2021602e-02   8.1289064e-03  -6.0918852e-03  -5.6532240e-02   1.2035852e-04  -2.1577535e-04
   1.5541433e-03   3.0616550e-03  -3.0699823e-02  -6.7346589e-04  -8.5431030e-03  -3.5747901e-03  -5.8794518e-03  -7.7765960e-02   1.4294390e-02   1.3352150e-02   1.9480598e-01   8.3808378e-02   2.0023492e-02  -2.0325296e-02  -1.0802602e-02  -1.5584887e-01   4.4036728e-02  -2.0125425e-03  -5.2931687e-02   3.9756315e-02   1.2877802e-03   1.2123543e-02   9.3271320e-03   2.8177404e-03   3.2272084e-03  -5.5229435e-03  -5.0545468e-03  -1.4116948e-02
   2.8411471e-03   8.0391768e-03  -8.3136398e-04   1.6418171e-02  -1.9707123e-01  -1.8054247e-01  -3.7947850e-02   1.6839834e-02  -8.1245947e-02   8.9633022e-01  -7.6026144e-04   6.8852954e-03  -1.1371070e-01  -3.9800322e-01  -6.2876399e-03  -1.8326387e-02   1.4277521e-01  -2.9464009e-02  -2.5242983e-03   3.8027379e-03  -5.0382443e-02   3.5634700e-02  -3.7805364e-03   3.5979591e-03  -3.6854093e-03  -9.7536318e-04  -7.8307826e-03   1.9026929e-02
   1.7175898e-03   1.9681818e-03  -2.2568410e-03   3.8663428e-03   6.6060972e-02   1.8974243e-03  -8.3432135e-03   6.1627004e-03  -1.2776536e-01  -3.4920159e-01   1.2073074e-04  -1.0853549e-02  -2.3710743e-02   7.0822102e-01  -3.0913177e-03   3.4061326e-02  -4.6827427e-02  -2.3307829e-01  -1.4085549e-04  -2.2168479e-02   2.3527058e-02  -7.0151004e-03  -1.7862672e-03   1.2569582e-03   2.9227659e-05  -1.5126105e-03   1.0085099e-03  -1.0631206e-03
  -6.6379492e-02   3.5785781e-03   1.8519559e-01  -6.2053069e-02   3.9277730e-02  -2.0022155e-02   1.3438826e-02  -1.0760442e-01   1.4213604e-02   4.6116685e-02  -1.0878468e-02   7.2641398e-02   6.0722589e-02  -5.8034317e-02  -1.5265702e-02  -5.8912083e-02   4.7570354e-03   2.6941795e-02  -2.5589777e-03   2.3728689e-02   1.0284468e-02   1.0029010e-02  -1.7420010e-03  -6.5972283e-03   9.9514782e-03  -8.8804841e-03  -3.9436923e-03  -4.7160341e-02
   3.3760818e-03   4.8515259e-05  -4.0443410e-03   7.5076057e-03   7.0917564e-03  -2.3414729e-03   2.9306091e-03  -7.5355629e-02  -2.9710059e-02  -1.2823237e-02  -4.9252008e-04   2.1270504e-01   9.7581668e-02   3.0198873e-04  -3.6905164e-03  -5.6872298e-01  -3.1405574e-02   5.0963775e-02  -7.1695777e-02   7.4754046e-01  -2.2989990e-01  -1.4097899e-02  -5.3747333e-03  -6.6674246e-02   9.4021921e-03  -3.2148278e-03  -1.4624858e-03   2.1983056e-03
  -9.5942747e-05   4.9255674e-03  -3.7151180e-03  -7.4609774e-03  -1.5102760e-02  -1.9676766e-03  -5.5894675e-02   5.5962133e-03   1.7669723e-02  -1.2513138e-02  -3.0791192e-03   2.2372639e-02  -1.2898583e-02   1.5647822e-02   2.1768119e-01  -4.7283707e-02   5.4002760e-02  -1.5143848e-01  -1.1676027e-02   3.6880023e-02  -2.9937827e-02   9.1506510e-02  -7.5947603e-02   2.8970654e-05  -1.7125076e-03   6.0129842e-03  -4.8477292e-03   1.1236869e-02
   1.9297793e-02   4.1577628e-02   1.3986578e-02   9.6702484e-03   1.0890597e-01   2.8763007e-02  -2.2153360e-01  -2.8190431e-02  -1.1917948e-01   4.6065097e-02   7.2442245e-03  -1.5484425e-02   1.1172474e-01  -4.3810326e-02   1.7099229e-02   4.8332715e-02  -3.0806566e-02   6.2475605e-02   9.1741871e-03  -3.9020022e-02   2.9282054e-02  -4.3926553e-02   7.0675551e-04  -7.6589356e-04   8.4296013e-03  -1.2009962e-03   2.5484336e-02  -8.9007118e-02
  -7.4094038e-04  -9.3832454e-04   4.7674194e-03  -4.0632963e-03  -9.1368858e-03   1.3301112e-03   3.3473503e-04   1.4665085e-02   2.5583206e-02   1.2434724e-02   2.2568979e-03  -1.7066288e-02  -7.9270839e-02  -3.9413719e-02  -8.7067952e-04   3.5459425e-02   1.1103390e-01   6.1914700e-02  -6.7511442e-03  -1.4970424e-02  -1.4327907e-01  -2.1237271e-02   8.6751089e-03  -1.7909027e-01   4.8155918e-01  -1.8921582e-01  -1.2950046e-03  -2.4609137e-03
   1.2209233e-02   1.1089602e-02  -1.8722839e-03  -5.2269890e-03  -1.1095504e-01  -4.9400975e-03  -5.2611322e-03   7.0945792e-04   1.5508272e-01   2.1240733e-01   8.7510524e-04   1.4114351e-02  -7.6033197e-02  -8.9638439e-01  -1.0871263e-02   2.3499826e-02  -1.2203724e-01   1.2136638e+00  -7.7136050e-03   4.5741078e-03  -6.1019838e-02  -3.3855529e-01   4.8277901e-03   7.1111531e-05   1.0429616e-02  -6.2930576e-03   5.6821572e-03  -8.9740285e-04
  -1.3957478e-01   1.5061197e-01   8.4191996e-03  -1.2916830e-03  -4.1531090e-02  -9.3136407e-03  -3.2209798e-02   5.7078061e-02   4.6295039e-02  -4.0248381e-02   9.2861386e-04  -3.1362885e-02  -2.9404359e-02   4.4534988e-02   3.8136865e-03   1.1780034e-02  -1.5738761e-02  -2.9234737e-02  -2.4955287e-04   3.0237260e-03  -1.7637952e-02   1.1677567e-02   3.6629122e-03  -5.9402346e-04   4.4696813e-03  -2.8038902e-04   6.6320281e-03   2.4613701e-02
  -3.4902274e-03  -4.2097699e-03   3.7492852e-03   5.2513384e-03   3.2462213e-02   3.2961885e-03  -4.5020405e-03  -3.0617960e-03  -2.5860054e-02  -4.5099865e-02   1.6149278e-03  -1.0164909e-02   2.8882057e-02   9.9425618e-02   8.1775032e-03   1.8114081e-02  -2.8250059e-02  -1.1928544e-01  -1.1573863e-02  -1.0803253e-02   1.0392387e-01  -1.6574351e-01   2.6561767e-01  -9.9668502e-03   2.2720724e-02  -5.2329104e-02   1.9243536e-03   5.7711513e-03
  -1.3277157e-03   2.5182364e-03   6.7954252e-03  -1.4862432e-02  -8.1354057e-02  -3.1278828e-03   2.0083654e-03   3.3824645e-01   3.6293591e-02   1.3907549e-02  -3.1570256e-03  -7.2164172e-01   4.5203995e-02   4.1288722e-02   1.8321625e-03   5.6946059e-01  -5.4069723e-02  -8.5857162e-02  -7.3701097e-04  -1.4147916e-01  -1.3007721e-03   3.6720449e-02   9.8869509e-04   1.3013851e-03   3.3451623e-03  -2.6663519e-03  -6.8457236e-04   1.2664845e-03
  -2.1538173e-02  -9.1233137e-03  -4.3781986e-04   2.6532724e-01  -1.0376045e-01  -1.0387070e-03   6.6898728e-03  -2.8583184e-01   4.0796737e-02   4.0612879e-02  -9.7387716e-04   1.2745049e-01   5.1597675e-02  -6.2364426e-02  -1.5422630e-03  -5.7387160e-02  -4.2513096e-02   5.8524264e-02  -1.7970922e-03   2.6348802e-02   8.6810585e-03  -1.2476692e-02  -2.5170427e-03  -9.7681078e-04  -1.6679839e-03   8.1936645e-04  -1.8432648e-03  -8.8463257e-03
  -1.0978070e-02  -2.9053850e-05   7.8390313e-04  -4.5781706e-03   1.5449252e-01   2.5690781e-04  -1.4311559e-03   2.1531464e-02  -4.6449398e-01   3.3594687e-02   9.5340202e-04  -2.3750704e-02   6.5404962e-01  -8.2593296e-02   4.1956082e-04   2.3688167e-02  -4.4019208e-01   5.0327107e-02   6.0925239e-06  -1.1371775e-03   8.6147468e-02   2.7495114e-03  -3.6125023e-03   6.3643908e-04  -1.4138201e-03   2.5950090e-04   8.0977908e-04   2.1451300e-04
  -7.8713375e-04  -1.1996819e-02   9.1173233e-04   7.2276402e-03  -1.7240030e-01   3.0627964e-01  -1.8943811e-02   1.3814613e-02   7.8585980e-02  -2.8804451e-01  -2.7067247e-04  -8.5031456e-04  -1.0958078e-02   1.4050189e-01   6.5539524e-04  -1.1884182e-03  -9.1112113e-03  -5.0062132e-02   1.6035280e-03  -8.5851620e-03   1.1346556e-02   3.7212245e-03   1.9763113e-03   1.1034090e-04   1.1273672e-03  -8.2323679e-04  -1.2283049e-03   9.5529566e-03
